scaler means on train dataset:
[0.33072525 0.29774346 0.27385531 0.27946019 0.28828605 0.29818383
 0.30531948 0.31185151 0.31805695 0.32374623]

scaler vars on train dataset:
[0.07544751 0.08427156 0.09423919 0.09299064 0.08862109 0.08795089
 0.08964063 0.09028486 0.08950913 0.08643906]

w-para is:
[[ 1.5206586  -0.82223348 -0.77113762 -0.13572608 -0.42921924  0.06377791
  -0.27167485 -1.09865172  0.08948236  0.94186152]]

intercept_b is:
[0.21375937]

使用计算公式: (x[i] - mean[i])/sqrt(var[i]) 块归一化测试集前十组数据：
[[ 1.3792338   1.22003832  1.23901409  1.71949361  1.43198364  1.16114996
   1.34463047  1.25578628  1.47700067  1.17207155]
 [ 0.93549482  1.32873454  1.98842628  1.95150621  1.25494903  1.26814149
   1.22903556  1.40279875  1.07614772  1.07891923]
 [ 1.44639308  1.79013573  1.87783535  1.84277484  2.09021296  1.72593108
   1.49187398  1.39438095  1.22116085  1.75738562]
 [ 1.58064536  1.52954961  1.752951    1.71621371  1.70124235  1.60166854
   1.59839934  1.53923359  1.46778373  1.33395438]
 [ 1.2177838   1.60700159  1.53040029  1.24971515  1.46458311  1.4672981
   1.43653077  1.35926986  1.15767013  1.12605069]
 [ 0.932168    1.20749554  1.23011122  1.3076027   1.16237513  1.17249721
   0.95119279  1.09246986  0.55793244  0.79076248]
 [ 0.58372706  1.09214227  0.98997758  0.75622462  0.8703679   1.15197439
   1.06799251  0.86314016  0.80129308  0.48467402]
 [ 0.47095991  0.81302083  1.08867325  0.9452544   0.99490936  1.06010493
   1.06862838  0.42287808  0.80712489  0.88076808]
 [ 0.9148712   1.2016098   1.60909366  1.56225198  1.53669912  0.97156688
   1.22327924  1.2415314   1.20030265  1.17711557]
 [ 0.03386131  0.48522343  0.61972823  0.57345354  0.50909949  0.25870313
   0.24459352 -0.03486202  0.09853798  0.10600264]]


使用现成模块归一化测试集前十组数据：
[[ 1.3792338   1.22003832  1.23901409  1.71949361  1.43198364  1.16114996
   1.34463047  1.25578628  1.47700067  1.17207155]
 [ 0.93549482  1.32873454  1.98842628  1.95150621  1.25494903  1.26814149
   1.22903556  1.40279875  1.07614772  1.07891923]
 [ 1.44639308  1.79013573  1.87783535  1.84277484  2.09021296  1.72593108
   1.49187398  1.39438095  1.22116085  1.75738562]
 [ 1.58064536  1.52954961  1.752951    1.71621371  1.70124235  1.60166854
   1.59839934  1.53923359  1.46778373  1.33395438]
 [ 1.2177838   1.60700159  1.53040029  1.24971515  1.46458311  1.4672981
   1.43653077  1.35926986  1.15767013  1.12605069]
 [ 0.932168    1.20749554  1.23011122  1.3076027   1.16237513  1.17249721
   0.95119279  1.09246986  0.55793244  0.79076248]
 [ 0.58372706  1.09214227  0.98997758  0.75622462  0.8703679   1.15197439
   1.06799251  0.86314016  0.80129308  0.48467402]
 [ 0.47095991  0.81302083  1.08867325  0.9452544   0.99490936  1.06010493
   1.06862838  0.42287808  0.80712489  0.88076808]
 [ 0.9148712   1.2016098   1.60909366  1.56225198  1.53669912  0.97156688
   1.22327924  1.2415314   1.20030265  1.17711557]
 [ 0.03386131  0.48522343  0.61972823  0.57345354  0.50909949  0.25870313
   0.24459352 -0.03486202  0.09853798  0.10600264]]