0.39785 0.396629 0.396629 0.377272 0.399232 0.399232 0.421343 0.419885 0.39785 0.406805 0
0.422735 0.396101 0.404977 0.429336 0.439061 0.439061 0.429336 0.454385 0.438934 0.419763 0
0.441798 0.429336 0.451743 0.451974 0.43262 0.44311 0.423705 0.414566 0.439857 0.430634 0
0.386426 0.410504 0.433035 0.431308 0.410504 0.43255 0.408659 0.406805 0.429556 0.451974 0
0.415292 0.415292 0.419134 0.432207 0.451698 0.441851 0.441851 0.452782 0.438617 0.438826 0
0.418239 0.421641 0.431089 0.431308 0.444413 0.444413 0.440951 0.440951 0.461795 0.418039 0
0.436265 0.416606 0.404837 0.404837 0.404837 0.396946 0.396946 0.436265 0.436265 0.436265 0
0.398036 0.396946 0.416606 0.416606 0.416606 0.416606 0.416606 0.423377 0.415154 0.415154 0
0.433504 0.433504 0.424887 0.416606 0.416606 0.416606 0.416606 0.416606 0.416606 0.416606 0
0.433504 0.432479 0.433504 0.414276 0.414276 0.406017 0.434794 0.426125 0.434794 0.426125 0
0.404837 0.385884 0.39275 0.39275 0.412022 0.412022 0.412022 0.413047 0.412022 0.412022 0
0.413047 0.404837 0.404837 0.404837 0.404837 0.404837 0.404837 0.404837 0.404837 0.404837 0
0.433504 0.433504 0.432572 0.412022 0.410997 0.410997 0.412022 0.412022 0.430848 0.432479 0
0.431869 0.433504 0.423974 0.432572 0.432572 0.432572 0.433504 0.433504 0.433504 0.433504 0
0.40597 0.404837 0.404837 0.404837 0.396946 0.396946 0.396946 0.396946 0.396946 0.395563 0
0.415154 0.424887 0.424887 0.424887 0.424887 0.424887 0.424887 0.423974 0.423974 0.444024 0
0.396946 0.396946 0.396946 0.396946 0.416606 0.396946 0.396946 0.416606 0.416606 0.416606 0
0.424887 0.433504 0.413047 0.413047 0.413047 0.404837 0.404837 0.413047 0.424887 0.424887 0
0.433504 0.433504 0.423377 0.423377 0.423377 0.423377 0.424887 0.433504 0.424887 0.424887 0
0.443356 0.423377 0.423377 0.424887 0.424887 0.427871 0.427871 0.42635 0.423377 0.423377 0
0.265492 0.223681 0.223681 0.223681 0.223681 0.226339 0.22207 0.22207 0.22207 0.222149 0
0.246758 0.265399 0.246538 0.246624 0.246624 0.246534 0.246755 0.245194 0.245283 0.245283 0
0.226333 0.245109 0.246668 0.260397 0.260489 0.242193 0.246758 0.246758 0.245197 0.226336 0
0.254121 0.254121 0.254204 0.254204 0.254204 0.290811 0.290811 0.272547 0.278454 0.277303 0
0.278903 0.278617 0.26013 0.255411 0.255411 0.265108 0.265396 0.263769 0.265108 0.258905 0
0.265303 0.263963 0.259082 0.25917 0.259082 0.25917 0.25917 0.25917 0.25917 0.25917 0
0.265492 0.322857 0.264151 0.264151 0.264151 0.264151 0.265492 0.265399 0.265492 0.265492 0
0.265399 0.265492 0.260486 0.255752 0.260486 0.259259 0.259259 0.25917 0.277683 0.25917 0
0.265492 0.260486 0.302952 0.284157 0.277683 0.25917 0.260486 0.260486 0.261802 0.261802 0
0.245197 0.226336 0.226254 0.226254 0.230599 0.249908 0.25 0.269231 0.269231 0.264151 0
0.279094 0.279094 0.296296 0.296198 0.283019 0.283019 0.307574 0.301887 0.303061 0.302956 0
0.275795 0.256195 0.254802 0.254802 0.254802 0.230684 0.230684 0.230684 0.230769 0.230769 0
0.265026 0.261712 0.263963 0.259082 0.269032 0.265137 0.270497 0.269131 0.249908 0.263963 0
0.260486 0.25917 0.264055 0.264055 0.264055 0.264055 0.25917 0.25917 0.25917 0.246755 0
0.25917 0.254377 0.259082 0.254377 0.254377 0.261802 0.255755 0.24219 0.24219 0.24219 0
0.290717 0.267772 0.27393 0.272547 0.272547 0.254463 0.254545 0.255838 0.255752 0.25446 0
0.240658 0.25917 0.260486 0.26013 0.26013 0.260397 0.237499 0.255411 0.249602 0.258551 0
0.260486 0.25446 0.264151 0.259259 0.241974 0.240658 0.240658 0.240658 0.241974 0.236284 0
0.218108 0.218108 0.258905 0.246534 0.245194 0.236284 0.236284 0.226333 0.226333 0.227894 0
0.237656 0.236287 0.232069 0.237791 0.236287 0.259259 0.259259 0.254545 0.25 0.27377 0
0.219615 0.219687 0.215764 0.215695 0.214217 0.214217 0.214217 0.219615 0.215695 0.214217 0
0.232069 0.219615 0.205467 0.222146 0.222146 0.240658 0.240658 0.240658 0.240658 0.237579 0
0.219615 0.240658 0.236284 0.214217 0.218111 0.218111 0.218111 0.236287 0.236287 0.240658 0
0.267772 0.24992 0.25917 0.243506 0.241974 0.241974 0.241974 0.236284 0.236284 0.236287 0
0.236287 0.236207 0.219541 0.219541 0.219541 0.218038 0.214149 0.214149 0.218038 0.219615 0
0.255506 0.258905 0.217889 0.222146 0.222146 0.218108 0.222146 0.223678 0.222146 0.199933 0
0.255838 0.254545 0.254545 0.252538 0.25713 0.25713 0.239161 0.221191 0.214217 0.219615 0
0.357143 0.349782 0.351557 0.351338 0.349563 0.349563 0.349563 0.349782 0.349782 0.349782 0
0.349782 0.349782 0.349782 0.349782 0.351557 0.349782 0.349782 0.349782 0.349782 0.349782 0
0.376541 0.351557 0.351338 0.349782 0.349563 0.349563 0.349563 0.349563 0.349563 0.349782 0
0.343197 0.341463 0.325 0.325 0.325 0.325 0.325 0.325 0.325 0.35 0
0.341463 0.341463 0.341463 0.341463 0.341463 0.341463 0.341463 0.35 0.35 0.341463 0
0.342988 0.35 0.35 0.35 0.35 0.349782 0.35 0.35 0.35 0.341463 0
0.349782 0.349782 0.349782 0.341255 0.341255 0.341255 0.341255 0.341255 0.341255 0.349782 0
0.333145 0.35 0.35 0.35 0.35 0.341265 0.341463 0.342998 0.342998 0.341058 0
0.317073 0.317073 0.317073 0.333333 0.309524 0.309524 0.317073 0.317073 0.317073 0.317073 0
0.307692 0.307692 0.307692 0.333333 0.307692 0.307692 0.333333 0.325 0.325 0.302069 0
0.294702 0.302069 0.307692 0.309814 0.307692 0.307692 0.307692 0.302069 0.294702 0.29672 0
0.342789 0.341058 0.341058 0.341058 0.341058 0.342988 0.343197 0.365854 0.390244 0.390244 0
0.311494 0.317073 0.317073 0.318807 0.318807 0.294702 0.292683 0.292683 0.292683 0.317073 0
0.367587 0.375 0.375 0.35 0.35 0.35 0.35 0.35 0.35 0.325 0
0.335025 0.341463 0.317073 0.317073 0.317073 0.317073 0.292683 0.292683 0.292683 0.292683 0
0.301889 0.335455 0.317967 0.344283 0.368421 0.370291 0.370035 0.358974 0.358745 0.370035 0
0.341058 0.342988 0.341255 0.341058 0.341058 0.341058 0.341058 0.349563 0.349563 0.349563 0
0.341058 0.341058 0.35 0.35 0.35 0.35 0.35 0.35 0.35 0.35 0
0.358219 0.318907 0.318907 0.324797 0.299813 0.316889 0.292513 0.299813 0.299813 0.299813 0
0.349782 0.35 0.35 0.35 0.35 0.35 0.35 0.35 0.343197 0.319092 0
0.294531 0.301881 0.301881 0.301881 0.301881 0.301881 0.301881 0.301881 0.301881 0.301881 0
0.342998 0.341463 0.35 0.333333 0.358974 0.358974 0.333333 0.358974 0.358974 0.335455 0
0.3 0.3 0.3 0.3 0.3 0.3 0.3 0.3 0.3 0.3 0
0.301881 0.3 0.3 0.3 0.3 0.299813 0.299813 0.299626 0.299626 0.3 0
0.269603 0.250443 0.250443 0.231507 0.231507 0.231507 0.231507 0.231507 0.235998 0.235998 0
0.193285 0.193285 0.210529 0.229668 0.231252 0.250391 0.245702 0.245702 0.245702 0.264263 0
0.283853 0.311676 0.30816 0.30697 0.30697 0.306633 0.325592 0.30697 0.30697 0.30697 0
0.306633 0.306633 0.307821 0.307821 0.306633 0.288085 0.270274 0.269396 0.268043 0.318922 0
0.264934 0.270274 0.270274 0.270274 0.270965 0.270274 0.270274 0.289217 0.289217 0.283853 0
0.246458 0.264975 0.264975 0.264975 0.288899 0.288899 0.307821 0.302071 0.306633 0.306633 0
0.283853 0.289217 0.289217 0.30816 0.30816 0.30816 0.30816 0.30697 0.30697 0.30697 0
0.258808 0.263603 0.26862 0.26862 0.26862 0.263644 0.266739 0.268067 0.268067 0.264162 0
0.25111 0.264934 0.244869 0.263603 0.26862 0.267749 0.262834 0.264162 0.264446 0.301277 0
0.246458 0.264975 0.264162 0.259332 0.262763 0.267749 0.263644 0.245126 0.264975 0.264975 0
0.22639 0.22639 0.245126 0.244688 0.225985 0.225985 0.225985 0.224839 0.224839 0.244907 0
0.22639 0.22639 0.230663 0.232243 0.228142 0.22376 0.223988 0.222238 0.222238 0.222465 0
0.22794 0.22639 0.22639 0.245391 0.245391 0.245391 0.251259 0.246724 0.265262 0.246724 0
0.265875 0.284509 0.259687 0.263202 0.264538 0.265875 0.264538 0.265875 0.265875 0.264538 0
0.260999 0.269603 0.260999 0.259687 0.265875 0.265875 0.259687 0.259687 0.264566 0.265875 0
0.260999 0.265875 0.265875 0.265875 0.265875 0.265875 0.277322 0.277322 0.264566 0.264538 0
0.260116 0.260732 0.260732 0.259422 0.259422 0.259073 0.259073 0.263929 0.259073 0.263877 0
0.283797 0.282465 0.268916 0.264566 0.264566 0.264566 0.26785 0.264566 0.264566 0.264566 0
0.259422 0.259422 0.259422 0.259422 0.259422 0.259422 0.259422 0.259422 0.259422 0.259422 0
0.278631 0.29688 0.283853 0.302445 0.302445 0.278631 0.287859 0.287859 0.287859 0.270274 0
0.270965 0.269603 0.282032 0.283437 0.300943 0.289125 0.306595 0.307868 0.307868 0.346071 0
0.269703 0.269703 0.250536 0.250536 0.245853 0.245853 0.269603 0.262596 0.250667 0.269703 0
0.244516 0.246073 0.244516 0.259776 0.259776 0.245824 0.269703 0.246073 0.244516 0.258464 0
0.25076 0.264662 0.264662 0.264662 0.264662 0.258464 0.258464 0.259776 0.259776 0.264631 0
0.241448 0.264566 0.26323 0.263325 0.244516 0.244516 0.245853 0.245853 0.250536 0.28887 0
0.269131 0.232275 0.213051 0.233866 0.214955 0.214955 0.213364 0.21146 0.21146 0.21146 0
0.185122 0.185122 0.185185 0.185122 0.185122 0.16975 0.16661 0.16975 0.172072 0.186955 0
0.186891 0.205096 0.205169 0.205169 0.223681 0.227897 0.226336 0.2074 0.226254 0.222146 0
0.254216 0.242193 0.261805 0.261805 0.261546 0.263783 0.263783 0.263783 0.263783 0.263783 0
0.255755 0.254463 0.254463 0.254463 0.254216 0.254216 0.254216 0.254216 0.258905 0.258905 0
0.221842 0.217826 0.217826 0.22185 0.226018 0.244852 0.244852 0.244852 0.244852 0.244852 0
0.218111 0.240411 0.240411 0.240411 0.244941 0.244941 0.244941 0.244941 0.244941 0.244941 0
0.249549 0.25047 0.241255 0.24775 0.244852 0.249549 0.249549 0.248823 0.249108 0.249108 0
0.226336 0.245109 0.227814 0.223681 0.243509 0.259174 0.268848 0.263783 0.266461 0.261546 0
0.223681 0.223681 0.241977 0.241977 0.241977 0.246538 0.246538 0.260489 0.265399 0.265399 0
0.226336 0.227897 0.242193 0.242193 0.242193 0.264062 0.259174 0.264059 0.265399 0.264059 0
0.226336 0.227897 0.226336 0.226336 0.249911 0.249911 0.249911 0.249911 0.249911 0.249911 0
0.265399 0.26674 0.265399 0.265399 0.265399 0.26674 0.265399 0.265399 0.264059 0.264059 0
0.302529 0.302529 0.296951 0.296951 0.296951 0.296951 0.296951 0.298102 0.298102 0.298102 0
0.260232 0.265026 0.263687 0.263687 0.307137 0.307255 0.307255 0.307255 0.307255 0.268848 0
0.246501 0.265122 0.263783 0.263783 0.265399 0.265026 0.265026 0.263687 0.270099 0.265122 0
0.302529 0.30832 0.309515 0.309515 0.321364 0.321364 0.346707 0.340175 0.3153 0.3153 0
0.301357 0.302114 0.30832 0.309515 0.30832 0.30832 0.30832 0.30832 0.30832 0.302529 0
0.289401 0.270198 0.275691 0.274299 0.274299 0.288359 0.282624 0.288052 0.301466 0.282522 0
0.307137 0.313131 0.30832 0.301357 0.307125 0.31435 0.31435 0.313982 0.313982 0.31435 0
0.289125 0.289125 0.289125 0.289125 0.289125 0.289125 0.28793 0.28793 0.28793 0.28793 0
0.263687 0.263687 0.289125 0.290489 0.289552 0.289401 0.294951 0.33392 0.346579 0.328579 0
0.270398 0.266643 0.275799 0.264059 0.264059 0.264059 0.265399 0.265122 0.265122 0.265122 0
0.282522 0.288355 0.270198 0.275488 0.294779 0.294779 0.270198 0.270198 0.289721 0.289232 0
0.283963 0.265026 0.263687 0.263687 0.268745 0.268745 0.268745 0.268745 0.268745 0.270109 0
0.342789 0.342789 0.342789 0.342789 0.342789 0.351338 0.351338 0.351338 0.351338 0.351338 0
0.350902 0.350902 0.349129 0.324594 0.349129 0.358011 0.349129 0.358011 0.349129 0.348912 0
0.377157 0.40186 0.40186 0.40186 0.40186 0.40186 0.40186 0.375386 0.375386 0.400308 0
0.374531 0.374531 0.38411 0.38411 0.38411 0.38411 0.38411 0.38411 0.409718 0.408894 0
0.342166 0.340438 0.348877 0.348877 0.357782 0.357782 0.357782 0.357782 0.408894 0.383338 0
0.341574 0.350683 0.350683 0.350683 0.350683 0.383338 0.348877 0.348877 0.373797 0.348877 0
0.341574 0.341574 0.341574 0.341574 0.339849 0.373134 0.373134 0.373797 0.398716 0.398716 0
0.368667 0.366268 0.366268 0.366268 0.366268 0.366268 0.366268 0.364755 0.366483 0.366483 0
0.373134 0.373134 0.382607 0.382607 0.385705 0.383376 0.382607 0.384929 0.38411 0.387524 0
0.385154 0.385154 0.385154 0.385154 0.382607 0.382607 0.373134 0.383338 0.383338 0.38411 0
0.376307 0.377861 0.377861 0.377861 0.377861 0.377157 0.377157 0.377157 0.377157 0.377157 0
0.384195 0.382607 0.383338 0.383338 0.383338 0.383338 0.383338 0.384195 0.384195 0.384195 0
0.374907 0.376456 0.376456 0.376456 0.373139 0.373139 0.373139 0.374688 0.398015 0.382607 0
0.399564 0.399564 0.399564 0.398015 0.388399 0.373797 0.373797 0.373797 0.373797 0.373134 0
0.409702 0.409702 0.409702 0.409702 0.409702 0.409702 0.409702 0.409702 0.409702 0.39801 0
0.348912 0.348912 0.350683 0.350683 0.350683 0.350683 0.350683 0.352454 0.352454 0.352454 0
0.332226 0.350683 0.348912 0.348912 0.350683 0.375386 0.350683 0.350683 0.350683 0.350683 0
0.350683 0.348912 0.348912 0.350683 0.350683 0.350683 0.350683 0.350683 0.350683 0.350683 0
0.348912 0.341574 0.341574 0.341574 0.341574 0.341574 0.341574 0.341574 0.341574 0.342166 0
0.350683 0.350683 0.350683 0.350683 0.350683 0.350683 0.352454 0.352454 0.350683 0.350683 0
0.348912 0.399501 0.399501 0.401055 0.40261 0.401055 0.401055 0.401055 0.401055 0.401055 0
0.348912 0.348263 0.348263 0.350683 0.350031 0.350031 0.350683 0.342166 0.341574 0.342166 0
0.350683 0.350031 0.350031 0.350031 0.350031 0.350683 0.350683 0.350683 0.350683 0.350683 0
0.348263 0.348263 0.3571 0.3571 0.3571 0.357818 0.3571 0.348912 0.348263 0.348912 0
0.287685 0.268293 0.275 0.275 0.275 0.275 0.25 0.275 0.275 0.25 0
0.243902 0.292683 0.292683 0.292683 0.292683 0.292683 0.292683 0.292683 0.292683 0.292683 0
0.304138 0.304138 0.304138 0.304138 0.294702 0.292683 0.292683 0.294702 0.294702 0.292683 0
0.275 0.275 0.275 0.275 0.275 0.275 0.275 0.275 0.275 0.268293 0
0.275 0.25 0.25 0.243902 0.243902 0.25 0.25 0.25 0.25 0.25 0
0.275 0.275 0.275 0.275 0.275 0.275 0.275 0.275 0.25 0.25 0
0.275 0.25 0.25 0.25 0.25 0.25 0.25 0.25 0.25 0.25 0
0.252476 0.252476 0.252476 0.252476 0.25 0.225 0.225 0.252476 0.252476 0.25 0
0.243902 0.243902 0.225 0.219512 0.243902 0.25 0.25 0.25 0.25 0.25 0
0.254792 0.227935 0.252476 0.252476 0.252476 0.252476 0.252476 0.227475 0.254951 0.254951 0
0.246175 0.230409 0.227935 0.230409 0.230409 0.227334 0.227334 0.202951 0.202951 0.202951 0
0.270147 0.243613 0.243613 0.243613 0.243613 0.219251 0.219251 0.19489 0.19489 0.219251 0
0.19489 0.243761 0.243613 0.219251 0.219251 0.219251 0.219251 0.219251 0.219251 0.219251 0
0.252318 0.252318 0.25216 0.25216 0.25216 0.25216 0.25216 0.25216 0.25216 0.25216 0
0.249844 0.249844 0.249844 0.224719 0.224719 0.219251 0.224719 0.230466 0.224719 0.224719 0
0.197889 0.198125 0.221792 0.221792 0.246168 0.246168 0.246168 0.246168 0.246168 0.246168 0
0.243613 0.25216 0.246025 0.246025 0.25216 0.227192 0.227192 0.25216 0.252318 0.252318 0
0.195003 0.195003 0.195003 0.170628 0.174891 0.174891 0.174891 0.174891 0.170628 0.170628 0
0.202951 0.202951 0.202951 0.195009 0.195009 0.195009 0.195009 0.219251 0.195009 0.195009 0
0.166572 0.170628 0.173628 0.202824 0.177855 0.177855 0.177855 0.202824 0.177855 0.177966 0
0.19489 0.19975 0.199378 0.199378 0.194536 0.19975 0.19489 0.194536 0.194536 0.19489 0
0.195003 0.199875 0.174891 0.174891 0.153961 0.153961 0.153961 0.153961 0.149906 0.149906 0
0.22691 0.22691 0.22691 0.22691 0.202572 0.202446 0.226768 0.226768 0.202446 0.226768 0
0.227793 0.202446 0.205642 0.178612 0.202951 0.227334 0.182021 0.202951 0.202951 0.202951 0
0.305567 0.284878 0.300209 0.306714 0.305173 0.305173 0.305173 0.305173 0.305173 0.305173 0
0.318484 0.316875 0.296571 0.294695 0.294695 0.317364 0.318161 0.311132 0.318161 0.310685 0
0.281546 0.288169 0.28745 0.288169 0.289744 0.289744 0.283485 0.283085 0.283085 0.305173 0
0.275074 0.290464 0.290464 0.290464 0.290464 0.290464 0.290464 0.290464 0.296964 0.296964 0
0.293491 0.259889 0.261681 0.261681 0.261681 0.267451 0.283339 0.283339 0.283339 0.283339 0
0.304743 0.310336 0.310336 0.303632 0.310336 0.310336 0.310336 0.310336 0.310336 0.310336 0
0.306282 0.261681 0.261438 0.255906 0.259647 0.282822 0.281944 0.303632 0.303632 0.303632 0
0.305173 0.306282 0.269283 0.269283 0.269283 0.269283 0.269283 0.269283 0.269283 0.267451 0
0.259889 0.283085 0.283085 0.262051 0.261681 0.261681 0.261681 0.283339 0.283339 0.283339 0
0.259889 0.260256 0.261681 0.261681 0.283085 0.283085 0.303204 0.303204 0.303204 0.303204 0
0.281546 0.309889 0.309889 0.287754 0.287754 0.287754 0.309889 0.303204 0.303204 0.309889 0
0.303204 0.287754 0.281944 0.281944 0.283738 0.283738 0.283738 0.283738 0.262051 0.283738 0
0.260256 0.281944 0.303632 0.305173 0.305173 0.305173 0.305173 0.283485 0.305173 0.305173 0
0.281546 0.283085 0.305173 0.326209 0.326209 0.326209 0.326209 0.326209 0.326209 0.326209 0
0.283738 0.283339 0.283339 0.304743 0.305173 0.305173 0.304743 0.304743 0.304743 0.304743 0
0.348358 0.305173 0.305173 0.303632 0.303632 0.304743 0.304743 0.283485 0.283485 0.283485 0
0.304743 0.306282 0.304743 0.298306 0.298306 0.298306 0.298306 0.298306 0.304743 0.298306 0
0.326209 0.306282 0.306282 0.284878 0.283738 0.290003 0.290003 0.290003 0.311462 0.311462 0
0.304741 0.298306 0.298306 0.304743 0.298306 0.298306 0.298306 0.298306 0.298306 0.298306 0
0.299812 0.299812 0.304741 0.304741 0.298306 0.298306 0.304741 0.311462 0.304743 0.304743 0
0.333597 0.332024 0.310685 0.304743 0.325448 0.125344 0.216644 0.199583 0.178275 0.186852 0
0.304743 0.306282 0.284878 0.284878 0.291159 0.289327 0.289327 0.267854 0.288188 0.288188 0
0.263474 0.306282 0.311462 0.311462 0.309889 0.309889 0.309889 0.309889 0.309889 0.309889 0
0.268241 0.309889 0.309889 0.309889 0.309889 0.309889 0.309889 0.309889 0.309889 0.309889 0
0.262051 0.309889 0.309889 0.309889 0.309889 0.309889 0.309889 0.309889 0.309889 0.303202 0
0.287754 0.283085 0.283085 0.283085 0.283085 0.283085 0.283085 0.284878 0.284878 0.306282 0
0.281546 0.283085 0.283085 0.283085 0.283085 0.289327 0.290022 0.288188 0.287754 0.287754 0
0.263846 0.311462 0.311462 0.309889 0.309889 0.311462 0.311462 0.311462 0.311462 0.311462 0
0.261681 0.261681 0.261679 0.27886 0.284878 0.313035 0.313035 0.32009 0.313035 0.313035 0
0.267854 0.26864 0.284213 0.284878 0.284878 0.284878 0.284878 0.313035 0.313035 0.291159 0
0.309889 0.265619 0.265619 0.267451 0.267451 0.265619 0.267451 0.265619 0.265619 0.265619 0
0.266019 0.265619 0.287754 0.287754 0.309889 0.309889 0.309889 0.309889 0.309889 0.309889 0
0.333333 0.333333 0.333902 0.333902 0.333902 0.333219 0.333219 0.333902 0.333787 0.333902 0
0.322007 0.327855 0.315535 0.321481 0.316021 0.314999 0.316021 0.314999 0.314999 0.314999 0
0.297042 0.296537 0.333333 0.333902 0.333902 0.333902 0.332877 0.332877 0.332877 0.333902 0
0.303814 0.303814 0.304296 0.309806 0.309806 0.31656 0.316021 0.31656 0.315535 0.31656 0
0.290518 0.314384 0.295891 0.295891 0.295891 0.295891 0.295891 0.295891 0.295891 0.295891 0
0.309821 0.295891 0.297042 0.297042 0.297042 0.297042 0.297042 0.278712 0.260219 0.278712 0
0.291663 0.291663 0.302639 0.302639 0.278549 0.297042 0.298194 0.297042 0.297042 0.297042 0
0.259776 0.276831 0.258464 0.258464 0.258464 0.258464 0.258464 0.258464 0.258464 0.258464 0
0.296435 0.297042 0.297042 0.297042 0.297042 0.295891 0.295891 0.295891 0.295891 0.297042 0
0.258464 0.259776 0.256383 0.250552 0.250552 0.255067 0.258464 0.259776 0.259687 0.259776 0
0.268358 0.273194 0.273194 0.273194 0.278238 0.278143 0.279292 0.278143 0.278238 0.278238 0
0.268358 0.278143 0.273223 0.273223 0.273223 0.273223 0.273223 0.273132 0.278238 0.278143 0
0.273223 0.273132 0.273132 0.273223 0.273223 0.296537 0.291193 0.291193 0.296537 0.278238 0
0.268358 0.253779 0.258464 0.258464 0.264662 0.259776 0.259776 0.259776 0.259776 0.259776 0
0.278238 0.278238 0.276926 0.258464 0.259776 0.259776 0.258464 0.258464 0.258464 0.258464 0
0.273223 0.255067 0.261088 0.255094 0.273223 0.278143 0.278238 0.278238 0.278238 0.258464 0
0.268273 0.286008 0.296537 0.296435 0.302005 0.297584 0.291095 0.291095 0.278238 0.291193 0
0.273064 0.278075 0.273064 0.273064 0.272451 0.272451 0.273064 0.273064 0.273064 0.272451 0
0.250552 0.25542 0.25542 0.237268 0.25542 0.273573 0.278617 0.278617 0.278617 0.273413 0
0.273132 0.255009 0.255009 0.278617 0.26013 0.273573 0.278617 0.278549 0.255506 0.259776 0
0.273132 0.296435 0.296435 0.296435 0.296435 0.296435 0.296435 0.296941 0.296435 0.296435 0
0.285917 0.268273 0.291095 0.291095 0.291095 0.291095 0.291095 0.296435 0.296435 0.296435 0
0.291095 0.255009 0.259776 0.259776 0.259776 0.259776 0.259776 0.259776 0.259776 0.259776 0
0.250472 0.250472 0.255009 0.255009 0.259687 0.259687 0.259687 0.259687 0.259687 0.255009 0
0.289967 0.289967 0.27798 0.259687 0.278143 0.291095 0.273132 0.273132 0.273132 0.279292 0
0.273064 0.278075 0.278075 0.273064 0.273064 0.255094 0.259687 0.259776 0.278075 0.278075 0
0.26013 0.259776 0.278075 0.273064 0.278075 0.278075 0.278075 0.273064 0.273064 0.278075 0
0.291095 0.277417 0.277417 0.277322 0.295734 0.295734 0.295734 0.295734 0.295734 0.295734 0
0.273064 0.273064 0.259776 0.259776 0.259776 0.273064 0.259776 0.259776 0.259776 0.259776 0
0.268273 0.268273 0.291095 0.290442 0.290442 0.295734 0.295734 0.295734 0.290442 0.295734 0
0.26761 0.272451 0.277417 0.277417 0.277417 0.259776 0.259776 0.259776 0.259776 0.255094 0
0.267526 0.272972 0.255009 0.255009 0.255009 0.255009 0.255009 0.255009 0.255009 0.255009 0
0.268201 0.259776 0.259687 0.259687 0.27798 0.27798 0.277322 0.277417 0.277417 0.277417 0
0.439428 0.48013 0.460269 0.459988 0.459988 0.45092 0.459913 0.440028 0.459083 0.459913 0
0.459906 0.457738 0.437947 0.439156 0.430585 0.449119 0.439331 0.45926 0.45926 0.450213 0
0.467692 0.467692 0.467692 0.448413 0.448413 0.428185 0.469183 0.439536 0.439156 0.440028 0
0.439156 0.439156 0.439156 0.459913 0.44812 0.427866 0.419403 0.427866 0.420236 0.420236 0
0.44896 0.440028 0.440028 0.459077 0.439123 0.439123 0.419163 0.419163 0.440028 0.430585 0
0.428595 0.42715 0.44896 0.439503 0.478471 0.479043 0.470511 0.48013 0.479873 0.479873 0
0.430747 0.418247 0.438121 0.458821 0.45792 0.438121 0.42093 0.42093 0.42093 0.42093 0
0.227382 0.226454 0.254721 0.224898 0.224898 0.242088 0.238018 0.25049 0.235051 0.251525 0
0.194139 0.211338 0.207724 0.209891 0.210962 0.224301 0.228696 0.228625 0.207708 0.207708 0
0.245372 0.224698 0.224898 0.224898 0.259078 0.258545 0.242088 0.246299 0.242088 0.258545 0
0.248983 0.250234 0.246077 0.263584 0.268273 0.263346 0.263584 0.264695 0.269381 0.268533 0
0.1924 0.163369 0.175172 0.180059 0.179768 0.178021 0.176641 0.176641 0.176641 0.174909 0
0.227716 0.210206 0.210206 0.176641 0.176641 0.176641 0.176641 0.174909 0.174909 0.174909 0
0.213952 0.19246 0.15765 0.195868 0.159571 0.159571 0.159571 0.159621 0.159571 0.159238 0
0.245391 0.250667 0.259687 0.241232 0.241314 0.241314 0.241314 0.259687 0.259687 0.242185 0
0.373214 0.372447 0.372447 0.390848 0.407599 0.383494 0.36042 0.360167 0.360167 0.360167 0
0.372667 0.382791 0.399434 0.416077 0.399434 0.399541 0.400249 0.407599 0.407007 0.407955 0
0.357124 0.358012 0.358012 0.357446 0.357446 0.357446 0.363879 0.363879 0.363879 0.357446 0
0.378576 0.37712 0.388909 0.342754 0.342754 0.354889 0.342754 0.342754 0.346148 0.381958 0
0.395309 0.428571 0.378844 0.413285 0.392857 0.428571 0.428571 0.413793 0.413793 0.416647 0
0.382164 0.413793 0.413793 0.37931 0.37931 0.37931 0.37931 0.37931 0.37931 0.37931 0
0.390378 0.394807 0.369016 0.370674 0.370674 0.403285 0.403285 0.403285 0.403285 0.403285 0
0.384553 0.384429 0.373016 0.385874 0.399197 0.375935 0.361898 0.387047 0.399501 0.39542 0
0.38537 0.408039 0.408249 0.408039 0.417493 0.364113 0.395961 0.386981 0.396209 0.385992 0
0.396454 0.395956 0.399333 0.400157 0.407833 0.406856 0.414456 0.405814 0.40182 0.42712 0
0.424236 0.444929 0.427353 0.425216 0.444617 0.426663 0.434872 0.436604 0.400348 0.39966 0
0.413648 0.443244 0.425643 0.445754 0.44293 0.427702 0.423169 0.425216 0.425216 0.405639 0
0.39863 0.405966 0.414904 0.413501 0.451875 0.450458 0.442961 0.441437 0.461141 0.462138 0
0.406895 0.41465 0.402363 0.41477 0.424011 0.406813 0.425407 0.424223 0.442707 0.443651 0
0.413501 0.431407 0.455202 0.436604 0.426079 0.417465 0.425311 0.417465 0.425071 0.39945 0
0.47075 0.452729 0.461059 0.479412 0.453784 0.444465 0.444454 0.435968 0.4437 0.436722 0
0.404783 0.405616 0.445166 0.445166 0.426745 0.424311 0.425071 0.405536 0.424311 0.394318 0
0.434727 0.434727 0.434513 0.406058 0.424515 0.443269 0.451545 0.417649 0.443244 0.406463 0
0.369377 0.343563 0.324119 0.350617 0.356189 0.348411 0.385589 0.360454 0.332824 0.330877 0
0.333957 0.299002 0.325981 0.410834 0.334003 0.358514 0.331225 0.300036 0.299002 0.301235 0
0.263069 0.216236 0.237441 0.213318 0.187835 0.181362 0.211253 0.204131 0.183366 0.225729 0
0.266813 0.255592 0.234439 0.26027 0.254191 0.283738 0.26107 0.235623 0.235278 0.267451 0
0.340118 0.361375 0.382126 0.375828 0.367041 0.374675 0.340972 0.35386 0.375828 0.375341 0
0.325319 0.318438 0.340989 0.339648 0.340519 0.390818 0.37405 0.388923 0.394767 0.37405 0
0.335636 0.361719 0.361719 0.361719 0.374189 0.374189 0.375341 0.374855 0.374855 0.382773 0
0.362072 0.339667 0.332041 0.36159 0.374208 0.375341 0.382126 0.403355 0.383301 0.375341 0
0.333943 0.333943 0.344661 0.35273 0.355998 0.355898 0.355898 0.370021 0.371616 0.355898 0
0.37057 0.345784 0.38239 0.382643 0.381818 0.364425 0.386644 0.374885 0.375771 0.357025 0
0.43344 0.453577 0.452044 0.452513 0.452513 0.431573 0.453952 0.431722 0.443596 0.471861 0
0.410153 0.418363 0.435994 0.436416 0.436416 0.45524 0.425387 0.425242 0.462094 0.443849 0
0.39957 0.435704 0.443697 0.443849 0.461158 0.416644 0.417676 0.418499 0.410153 0.436416 0
0.426112 0.453292 0.441005 0.461621 0.443697 0.46053 0.443244 0.424762 0.471143 0.443244 0
0.428089 0.45393 0.464329 0.446579 0.445013 0.445697 0.445697 0.453726 0.445697 0.407693 0
0.438157 0.463958 0.462648 0.464048 0.444929 0.455664 0.455494 0.462388 0.464329 0.464917 0
0.302839 0.303344 0.296912 0.296426 0.296912 0.315139 0.309453 0.292601 0.316949 0.297686 0
0.38911 0.377579 0.374674 0.379279 0.36679 0.389724 0.406389 0.426167 0.387718 0.435111 0
0.275026 0.24422 0.239754 0.282482 0.282482 0.260499 0.284211 0.281356 0.316277 0.32676 0
0.307853 0.301812 0.296374 0.317281 0.278817 0.295698 0.300986 0.310269 0.298494 0.299483 0
0.288015 0.288067 0.301755 0.301882 0.356583 0.347153 0.347687 0.369574 0.394551 0.351821 0
0.377253 0.352113 0.333333 0.348264 0.347731 0.361606 0.333834 0.356031 0.356621 0.346602 0
0.240741 0.239725 0.245012 0.280132 0.257254 0.228522 0.228522 0.230441 0.226492 0.248052 0
0.227287 0.228522 0.249304 0.246818 0.24561 0.267436 0.262824 0.289998 0.290112 0.283929 0
0.210547 0.231882 0.235997 0.234722 0.251178 0.248071 0.235997 0.235997 0.252453 0.249324 0
0.209638 0.253067 0.228446 0.228446 0.228446 0.227413 0.240231 0.224994 0.246047 0.240042 0
0.292738 0.189199 0.256121 0.238174 0.236675 0.219037 0.2236 0.235388 0.199175 0.202676 0
0.254582 0.196676 0.197575 0.197575 0.198839 0.21446 0.210102 0.195192 0.177866 0.201103 0
0.411994 0.452241 0.483347 0.452212 0.468396 0.451398 0.435907 0.46689 0.43756 0.443232 0
0.344576 0.354599 0.307507 0.332854 0.327904 0.366069 0.442333 0.467878 0.412472 0.442251 0
0.389635 0.407 0.433221 0.442968 0.483617 0.492083 0.475523 0.468203 0.484357 0.476422 0
0.410934 0.418375 0.435803 0.436554 0.41762 0.436533 0.445861 0.46399 0.429177 0.453788 0
0.417958 0.417958 0.418363 0.436416 0.417958 0.417958 0.417958 0.444465 0.451986 0.444465 0
0.418363 0.418363 0.418363 0.418363 0.417162 0.418363 0.436416 0.435704 0.424807 0.417541 0
0.44491 0.44491 0.42655 0.418308 0.425634 0.453788 0.444454 0.436831 0.436533 0.445861 0
0.407549 0.43466 0.407689 0.44491 0.444454 0.425967 0.425967 0.452508 0.432731 0.452017 0
0.414601 0.433337 0.418499 0.436416 0.443849 0.410153 0.419063 0.435778 0.428768 0.428026 0
0.444436 0.434189 0.426112 0.454485 0.443685 0.455091 0.473334 0.436407 0.480873 0.489897 0
0.425216 0.446752 0.461766 0.425387 0.436568 0.443697 0.436533 0.437146 0.455387 0.472543 0
0.418323 0.418308 0.436391 0.454559 0.454485 0.435778 0.462881 0.480166 0.480058 0.462466 0
0.440731 0.448606 0.468425 0.448606 0.459632 0.459083 0.440028 0.440028 0.458535 0.439648 0
0.420559 0.431018 0.440405 0.431523 0.410985 0.439142 0.440204 0.4325 0.430555 0.431612 0
0.44153 0.500645 0.489787 0.460772 0.487256 0.486564 0.486564 0.509311 0.529937 0.529937 0
0.447275 0.419493 0.42888 0.406613 0.447275 0.448219 0.460021 0.439331 0.449884 0.432311 0
0.449336 0.448413 0.477349 0.459083 0.459083 0.459988 0.489846 0.460172 0.481279 0.480448 0
0.36037 0.361475 0.372891 0.373027 0.365758 0.353341 0.333905 0.353341 0.360508 0.373867 0
0.362409 0.368955 0.362409 0.339013 0.351761 0.370071 0.386002 0.374679 0.363085 0.363085 0
0.363936 0.369108 0.362976 0.364231 0.389584 0.363328 0.364231 0.375149 0.406019 0.417834 0
0.38826 0.396207 0.395496 0.38826 0.414904 0.40239 0.409066 0.401533 0.401533 0.391412 0
0.400843 0.431373 0.432099 0.422926 0.431373 0.423798 0.432099 0.423798 0.423798 0.431373 0
0.419839 0.373348 0.372409 0.404718 0.386534 0.411765 0.414799 0.432093 0.385437 0.385575 0
0.393366 0.385836 0.384879 0.403988 0.423568 0.407968 0.389998 0.414844 0.417969 0.423568 0
0.42682 0.432763 0.432735 0.409737 0.413239 0.414904 0.41416 0.414174 0.432837 0.435091 0
0.391434 0.435943 0.414904 0.443417 0.460081 0.451997 0.444199 0.414904 0.414904 0.414904 0
0.367682 0.37647 0.36881 0.388046 0.381324 0.366554 0.360819 0.408321 0.401173 0.400831 0
0.406394 0.407984 0.407968 0.416587 0.407313 0.388923 0.433587 0.417286 0.427952 0.398742 0
0.396796 0.41993 0.439205 0.406418 0.383528 0.405581 0.369086 0.362378 0.371245 0.4185 0
0.392577 0.370681 0.416343 0.397995 0.441559 0.420116 0.420866 0.374019 0.396796 0.424878 0
0.382596 0.384316 0.411147 0.401579 0.37682 0.37828 0.401093 0.428471 0.425913 0.428729 0
0.403063 0.431037 0.402901 0.37944 0.427153 0.404372 0.427832 0.427832 0.425913 0.404372 0
0.37828 0.37828 0.401579 0.37828 0.380432 0.382596 0.376141 0.369801 0.372462 0.365113 0
0.400166 0.433801 0.442567 0.443152 0.43328 0.429996 0.445472 0.431122 0.430453 0.441889 0
0.395594 0.409188 0.418686 0.418814 0.465141 0.466235 0.452375 0.430578 0.419904 0.441728 0
0.435926 0.424688 0.424458 0.462848 0.438487 0.438487 0.462848 0.464205 0.452157 0.449756 0
0.425112 0.412269 0.412269 0.432131 0.431401 0.431401 0.407617 0.431401 0.41335 0.445916 0
0.430172 0.442023 0.451394 0.440963 0.453689 0.439637 0.450245 0.462256 0.439148 0.452803 0
0.419114 0.4293 0.476447 0.487667 0.479643 0.476133 0.480823 0.476133 0.476447 0.476133 0
0.425461 0.40224 0.400687 0.439445 0.390046 0.375741 0.393797 0.384401 0.360596 0.384401 0
0.390037 0.382245 0.429677 0.429677 0.405775 0.427724 0.428359 0.429677 0.438792 0.439844 0
0.395402 0.4423 0.447039 0.447039 0.478676 0.439848 0.464286 0.464286 0.50136 0.466155 0
0.420732 0.43 0.429184 0.406483 0.43437 0.407617 0.430503 0.38652 0.428153 0.399651 0
0.396088 0.418537 0.417757 0.44687 0.417338 0.39724 0.39724 0.406289 0.406289 0.382785 0
0.381466 0.38996 0.385273 0.393174 0.423915 0.381966 0.423915 0.380798 0.418539 0.423915 0
0.459425 0.478366 0.488764 0.467405 0.483265 0.488575 0.477986 0.494667 0.494667 0.505325 0
0.395072 0.472375 0.497323 0.483218 0.472375 0.483218 0.517549 0.488114 0.528068 0.535084 0
0.43514 0.436532 0.434904 0.443781 0.434904 0.457167 0.413333 0.434904 0.458152 0.45758 0
0.425033 0.435319 0.435319 0.435319 0.435319 0.42609 0.403951 0.434238 0.437447 0.459105 0
0.435971 0.444033 0.453798 0.453798 0.472904 0.499898 0.460925 0.470693 0.460524 0.433284 0
0.424482 0.431595 0.444107 0.491532 0.491532 0.471362 0.499995 0.480104 0.48029 0.44414 0
0.464186 0.492562 0.490102 0.479174 0.476309 0.479335 0.499898 0.4843 0.499898 0.468877 0
0.434102 0.467654 0.490998 0.501885 0.477895 0.48094 0.501885 0.477895 0.45779 0.484807 0
0.47459 0.456632 0.435083 0.435083 0.46591 0.47818 0.47818 0.480325 0.484024 0.469166 0
0.391042 0.399466 0.421959 0.410618 0.423574 0.435986 0.44564 0.444864 0.444697 0.422642 0
0.399417 0.430076 0.44262 0.42072 0.403134 0.425071 0.446656 0.434004 0.435083 0.444749 0
0.397217 0.39618 0.417063 0.408009 0.417545 0.416857 0.4163 0.417338 0.387575 0.387039 0
0.407409 0.407225 0.428542 0.437504 0.420085 0.437115 0.401124 0.41672 0.39605 0.396203 0
0.416857 0.408375 0.408375 0.408564 0.417063 0.418577 0.425682 0.418583 0.438276 0.4181 0
0.393174 0.395479 0.396232 0.385346 0.427209 0.416635 0.398975 0.406039 0.407049 0.385787 0
0.385787 0.386909 0.390356 0.418858 0.430467 0.430617 0.411172 0.438963 0.391639 0.399371 0
0.408271 0.416626 0.41909 0.41909 0.427618 0.406474 0.400271 0.400271 0.401267 0.400271 0
0.42569 0.42569 0.44665 0.467873 0.446746 0.446825 0.446921 0.41688 0.437283 0.456978 0
0.424179 0.436413 0.440784 0.415323 0.402504 0.406496 0.422769 0.424011 0.424408 0.394944 0
0.437968 0.447216 0.448385 0.448178 0.478043 0.458636 0.458636 0.45113 0.437026 0.417094 0
0.448398 0.458874 0.449523 0.459818 0.479611 0.458874 0.458345 0.44881 0.42841 0.400672 0
0.458409 0.466741 0.467099 0.458359 0.471165 0.471165 0.471165 0.459137 0.469586 0.458609 0
0.408425 0.408425 0.437579 0.446954 0.447122 0.428572 0.448292 0.434359 0.438174 0.415222 0
0.408348 0.407335 0.379317 0.365623 0.409287 0.418605 0.418605 0.406819 0.44595 0.387707 0
0.364682 0.360301 0.388661 0.365595 0.374846 0.366252 0.368013 0.364477 0.389684 0.364707 0
0.366232 0.345975 0.376826 0.364111 0.342457 0.34584 0.371858 0.370887 0.379702 0.365266 0
0.408271 0.39233 0.393306 0.39233 0.430039 0.430926 0.408375 0.399249 0.409287 0.408241 0
0.382559 0.424179 0.447876 0.489423 0.469011 0.468303 0.468876 0.447876 0.417288 0.426096 0
0.399846 0.400216 0.360404 0.411961 0.400216 0.401194 0.400713 0.399922 0.399453 0.380588 0
0.352803 0.379848 0.360963 0.380803 0.339864 0.359426 0.39968 0.379696 0.379696 0.380238 0
0.390115 0.390553 0.40414 0.39117 0.383735 0.376941 0.395741 0.387697 0.402438 0.410032 0
0.401995 0.401995 0.401044 0.402438 0.389496 0.398463 0.398463 0.38332 0.383179 0.4201 0
0.383906 0.383906 0.392372 0.384846 0.385804 0.37803 0.41139 0.430938 0.411479 0.392372 0
0.368997 0.377054 0.377953 0.398658 0.344905 0.347055 0.37673 0.368662 0.385047 0.407429 0
0.376619 0.385202 0.385202 0.340248 0.363106 0.385202 0.362745 0.382714 0.407429 0.405154 0
0.364031 0.353619 0.331973 0.386403 0.386452 0.385202 0.37673 0.377953 0.376578 0.377953 0
0.317672 0.347384 0.348819 0.325972 0.347869 0.346431 0.347869 0.354688 0.370965 0.384274 0
0.333107 0.334678 0.348442 0.364591 0.376619 0.362626 0.369527 0.356063 0.36122 0.376619 0
0.416804 0.408664 0.362626 0.371934 0.409918 0.427949 0.395339 0.415862 0.407429 0.428712 0
0.38124 0.377187 0.375966 0.375966 0.384626 0.412173 0.420022 0.397376 0.365912 0.384274 0
0.426366 0.422903 0.455679 0.413043 0.405434 0.444255 0.404096 0.382979 0.405434 0.422042 0
0.377778 0.37894 0.377557 0.408912 0.421796 0.391304 0.41017 0.421796 0.421796 0.401059 0
0.432497 0.455369 0.444255 0.434021 0.477064 0.422042 0.422042 0.423272 0.43163 0.43163 0
0.387215 0.347488 0.377396 0.387609 0.377616 0.385952 0.378626 0.363248 0.387609 0.391147 0
0.39235 0.4 0.391147 0.399835 0.392126 0.39235 0.369417 0.377616 0.391147 0.422042 0
0.454274 0.466195 0.466195 0.467202 0.455407 0.477801 0.466467 0.454061 0.465614 0.466475 0
0.370408 0.4 0.4 0.422042 0.421796 0.412641 0.399766 0.421796 0.431546 0.409912 0
0.445695 0.452513 0.442534 0.452609 0.469156 0.432218 0.450196 0.450196 0.443473 0.445695 0
0.375893 0.368579 0.369694 0.406314 0.368579 0.368579 0.369068 0.376542 0.372419 0.408796 0
0.37057 0.3639 0.381923 0.407732 0.38102 0.38102 0.407276 0.407276 0.396207 0.37751 0
0.432409 0.438152 0.431734 0.402782 0.410545 0.397104 0.405471 0.403727 0.39996 0.406291 0
0.357849 0.369916 0.379754 0.386759 0.403118 0.433984 0.43351 0.463672 0.477769 0.454021 0
0.425209 0.395853 0.401721 0.376217 0.389438 0.397382 0.390062 0.412233 0.400097 0.395224 0
0.445375 0.444606 0.444606 0.426182 0.407689 0.428026 0.42655 0.44491 0.436391 0.436533 0
0.426182 0.444606 0.46304 0.444454 0.435652 0.428026 0.425967 0.435798 0.436554 0.428768 0
0.463809 0.471593 0.471593 0.452034 0.433232 0.455409 0.454501 0.461429 0.480675 0.4437 0
0.438777 0.421716 0.436533 0.455387 0.45469 0.464675 0.428435 0.428298 0.445719 0.445719 0
0.43585 0.400348 0.409762 0.419078 0.417983 0.417983 0.403018 0.403624 0.437309 0.410803 0
0.385844 0.410583 0.428435 0.436075 0.435652 0.424877 0.423803 0.451515 0.43987 0.440736 0
0.4145 0.4145 0.406856 0.415353 0.415353 0.407693 0.425242 0.4145 0.424831 0.413648 0
0.39785 0.399424 0.310204 0.119734 0.142454 0.286232 0.36337 0.442897 0.44311 0.44311 1
0.433035 0.396101 0.142917 0.16611 0.27051 0.317197 0.36068 0.363487 0.394557 0.41602 1
0.421842 0.421842 0.182741 0.182741 0.301333 0.39462 0.394413 0.417515 0.43046 0.451974 1
0.431308 0.432207 0.406219 0.167602 0.172198 0.255495 0.34577 0.393343 0.384291 0.39804 1
0.436952 0.438934 0.168646 0.172488 0.284962 0.378815 0.378815 0.390482 0.404977 0.406805 1
0.430835 0.347198 0.165848 0.180888 0.339541 0.34577 0.362083 0.379565 0.390021 0.405183 1
0.447656 0.444938 0.336959 0.242536 0.250626 0.249264 0.325826 0.357551 0.383802 0.384806 1
0.397048 0.404963 0.323201 0.319314 0.318081 0.318081 0.355479 0.336651 0.384765 0.379383 1
0.416606 0.338053 0.22733 0.245498 0.226936 0.267456 0.358648 0.379383 0.412022 0.432572 1
0.404837 0.319314 0.250167 0.26428 0.26428 0.268814 0.280057 0.384809 0.392611 0.433504 1
0.377306 0.398036 0.25581 0.275058 0.2698 0.250391 0.312788 0.358648 0.384806 0.396946 1
0.406017 0.36366 0.26172 0.242826 0.240886 0.320193 0.345488 0.371036 0.391586 0.421588 1
0.377306 0.31844 0.249539 0.26428 0.269306 0.269306 0.359635 0.38492 0.413047 0.433504 1
0.415154 0.377306 0.255262 0.302848 0.29728 0.26029 0.356438 0.361019 0.408633 0.408633 1
0.416606 0.317211 0.251751 0.270666 0.265615 0.366835 0.396946 0.396946 0.404837 0.423974 1
0.413047 0.377306 0.23575 0.23575 0.237365 0.270683 0.255033 0.35268 0.357666 0.404837 1
0.377306 0.320193 0.267946 0.250167 0.251751 0.287918 0.357666 0.403832 0.395563 0.424887 1
0.413047 0.402339 0.241577 0.2698 0.268438 0.236191 0.274013 0.338053 0.391586 0.412022 1
0.410997 0.410997 0.299686 0.271163 0.271163 0.268438 0.305664 0.357666 0.412022 0.453029 1
0.415154 0.395563 0.323943 0.264739 0.268438 0.267946 0.305664 0.377306 0.412022 0.432572 1
0.237791 0.242107 0.245197 0.245197 0.259174 0.255755 0.265399 0.255755 0.237791 0.237791 1
0.229458 0.218182 0.255218 0.263246 0.245902 0.247067 0.217789 0.204733 0.194661 0.218182 1
0.227897 0.227977 0.22807 0.211912 0.238356 0.204675 0.189597 0.189597 0.196429 0.181698 1
0.260219 0.250631 0.234258 0.250836 0.245575 0.249654 0.236951 0.225431 0.211848 0.233324 1
0.25413 0.223872 0.237152 0.262154 0.262154 0.262154 0.226658 0.221679 0.206835 0.231848 1
0.260486 0.211848 0.275698 0.271847 0.249861 0.249861 0.266519 0.271855 0.250836 0.233204 1
0.244852 0.218111 0.253877 0.253951 0.258314 0.275535 0.255079 0.250759 0.220275 0.224071 1
0.226415 0.232069 0.237021 0.253951 0.254091 0.249723 0.253877 0.237221 0.241308 0.210397 1
0.230599 0.218111 0.249931 0.26763 0.279523 0.278615 0.216607 0.216607 0.214217 0.219615 1
0.227814 0.226336 0.236207 0.24554 0.24131 0.272165 0.259769 0.254166 0.204675 0.210397 1
0.288359 0.269231 0.211848 0.210397 0.206774 0.206774 0.206583 0.2102 0.199667 0.185058 1
0.265396 0.229455 0.218038 0.214013 0.242317 0.241093 0.210272 0.208076 0.210463 0.228001 1
0.246482 0.159933 0.217288 0.188341 0.184869 0.199667 0.181515 0.186891 0.211149 0.221213 1
0.269131 0.203634 0.217818 0.181698 0.203564 0.230684 0.230684 0.264055 0.242107 0.269131 1
0.22207 0.206774 0.204675 0.217549 0.202924 0.2011 0.166436 0.214217 0.232069 0.236287 1
0.236287 0.222146 0.206774 0.216546 0.213 0.213 0.216366 0.199723 0.190855 0.172311 1
0.259167 0.203631 0.187571 0.169246 0.175562 0.172158 0.175166 0.15765 0.180046 0.199933 1
0.246755 0.222146 0.224005 0.22002 0.236945 0.220082 0.220275 0.186386 0.196116 0.181574 1
0.277587 0.22207 0.226521 0.218987 0.21761 0.221285 0.22002 0.203095 0.216366 0.201156 1
0.254545 0.181759 0.19778 0.196303 0.199868 0.190412 0.218108 0.246534 0.25917 0.264151 1
0.25542 0.237579 0.250759 0.267333 0.23043 0.217549 0.254121 0.241891 0.240576 0.219541 1
0.218182 0.178458 0.206774 0.199889 0.216546 0.199889 0.206406 0.206774 0.175331 0.213945 1
0.25917 0.203634 0.216607 0.217791 0.225806 0.226835 0.210714 0.226835 0.214356 0.183232 1
0.218108 0.214217 0.234453 0.233269 0.234193 0.219109 0.208262 0.211713 0.215695 0.257043 1
0.25713 0.206999 0.224005 0.233204 0.233204 0.233204 0.216546 0.183282 0.171122 0.214149 1
0.240741 0.214217 0.175386 0.175227 0.215421 0.214149 0.214149 0.219615 0.214217 0.223678 1
0.227999 0.213058 0.234388 0.249861 0.24577 0.233204 0.229385 0.229197 0.212826 0.196455 1
0.365854 0.237558 0.261314 0.237424 0.278329 0.255134 0.261166 0.240317 0.285714 0.375 1
0.341265 0.268137 0.267672 0.29402 0.292006 0.261314 0.23991 0.261608 0.292683 0.349782 1
0.341463 0.243613 0.268137 0.268137 0.257603 0.261608 0.261608 0.261756 0.237826 0.268137 1
0.341463 0.287522 0.263517 0.237424 0.193298 0.208746 0.23194 0.243761 0.292513 0.292513 1
0.333333 0.261756 0.239775 0.246168 0.294531 0.285553 0.285553 0.309349 0.316889 0.316889 1
0.316889 0.218244 0.224273 0.213802 0.170219 0.153578 0.142454 0.170233 0.142454 0.199378 1
0.270551 0.269918 0.241717 0.237023 0.194552 0.17418 0.145902 0.146168 0.153292 0.189618 1
0.324797 0.268137 0.237424 0.237424 0.194552 0.19489 0.19489 0.243613 0.274828 0.324594 1
0.341463 0.274828 0.216604 0.224301 0.213681 0.189939 0.170219 0.170219 0.194536 0.192862 1
0.342998 0.270154 0.218872 0.229836 0.216604 0.218853 0.218853 0.202446 0.194552 0.202446 1
0.317073 0.243761 0.249223 0.216398 0.216971 0.216032 0.189939 0.174456 0.153578 0.149534 1
0.299813 0.249688 0.22751 0.23991 0.267642 0.216726 0.237558 0.199502 0.199378 0.199378 1
0.349782 0.249844 0.237424 0.24317 0.239104 0.218872 0.202446 0.170219 0.170219 0.194552 1
0.287685 0.292513 0.249223 0.249223 0.221975 0.190046 0.174456 0.153578 0.149534 0.124611 1
0.285553 0.3 0.213681 0.192971 0.194671 0.170317 0.145986 0.170317 0.197666 0.174565 1
0.299813 0.294531 0.245599 0.243191 0.194536 0.166196 0.145914 0.177174 0.17418 0.145914 1
0.349563 0.349782 0.249378 0.249223 0.237558 0.218853 0.199378 0.146168 0.149534 0.149627 1
0.307692 0.299813 0.227793 0.251691 0.249223 0.23991 0.24572 0.243191 0.199378 0.199378 1
0.309349 0.287522 0.218853 0.239775 0.249223 0.199378 0.170049 0.149534 0.149534 0.153901 1
0.318907 0.249223 0.218872 0.199378 0.169707 0.145547 0.149627 0.149627 0.149627 0.149627 1
0.287522 0.274657 0.248609 0.242641 0.218979 0.1785 0.194552 0.24317 0.274828 0.307495 1
0.294531 0.274828 0.293177 0.249223 0.199378 0.194536 0.205514 0.249688 0.274828 0.274828 1
0.299813 0.194536 0.149627 0.149534 0.149534 0.170219 0.199378 0.224719 0.249844 0.3 1
0.349563 0.174456 0.149534 0.149534 0.145902 0.170233 0.202446 0.299813 0.3 0.3 1
0.250391 0.230344 0.172758 0.150171 0.182829 0.147447 0.113009 0.153563 0.188341 0.190007 1
0.187806 0.184365 0.115045 0.152032 0.152032 0.114834 0.147743 0.165929 0.169036 0.174607 1
0.252029 0.172567 0.217257 0.195189 0.177836 0.180616 0.153112 0.176502 0.212113 0.210761 1
0.287859 0.26862 0.174288 0.184365 0.183901 0.19104 0.212113 0.231252 0.250167 0.26862 1
0.286606 0.263929 0.208154 0.152293 0.168198 0.16747 0.152293 0.189678 0.22639 0.22639 1
0.282336 0.203845 0.185875 0.200494 0.179597 0.167912 0.189338 0.208154 0.212424 0.226354 1
0.270274 0.270274 0.173208 0.213595 0.196636 0.184325 0.168733 0.187818 0.20846 0.207958 1
0.283547 0.264975 0.17063 0.214536 0.210813 0.184325 0.185875 0.189338 0.205734 0.230663 1
0.26862 0.26409 0.167517 0.222386 0.203798 0.169736 0.189338 0.189338 0.206229 0.224839 1
0.258808 0.246419 0.185436 0.244992 0.244464 0.196636 0.180341 0.187031 0.205734 0.226936 1
0.240631 0.17059 0.195311 0.218391 0.184325 0.167754 0.172482 0.188883 0.189338 0.186191 1
0.240631 0.168198 0.214064 0.196636 0.164514 0.151415 0.169736 0.171349 0.211883 0.192793 1
0.264975 0.269101 0.172482 0.227768 0.244974 0.210358 0.182112 0.167913 0.167075 0.185436 1
0.304773 0.263202 0.186191 0.245504 0.228057 0.195386 0.20065 0.222764 0.223372 0.240083 1
0.284509 0.227158 0.197069 0.241317 0.241317 0.176202 0.182829 0.218742 0.203147 0.231676 1
0.265875 0.265875 0.179597 0.276533 0.259534 0.21113 0.177836 0.184053 0.202802 0.22429 1
0.278143 0.222992 0.236085 0.245886 0.228411 0.213403 0.19562 0.185875 0.222386 0.204328 1
0.299961 0.263644 0.214875 0.232659 0.241673 0.229845 0.214536 0.182535 0.222764 0.222764 1
0.265598 0.208141 0.232291 0.233553 0.212257 0.179597 0.179597 0.186191 0.222764 0.206153 1
0.283853 0.283853 0.207653 0.245886 0.276372 0.247127 0.220253 0.22429 0.241938 0.260116 1
0.347005 0.233093 0.231848 0.249602 0.215421 0.181574 0.184932 0.221541 0.226009 0.265015 1
0.278238 0.302078 0.26323 0.199473 0.245233 0.217826 0.184869 0.184869 0.223372 0.193854 1
0.269703 0.232018 0.150515 0.213945 0.184869 0.188348 0.210607 0.227576 0.227647 0.246501 1
0.28887 0.28887 0.174659 0.203355 0.186699 0.184869 0.186699 0.223372 0.222992 0.241448 1
0.264631 0.232018 0.168658 0.231553 0.195929 0.184869 0.171378 0.209048 0.232018 0.251128 1
0.245109 0.21146 0.134566 0.214149 0.196303 0.160663 0.192308 0.207472 0.188611 0.21146 1
0.232189 0.223678 0.166667 0.210463 0.191249 0.142339 0.145407 0.150428 0.190478 0.188545 1
0.263783 0.244941 0.181757 0.237011 0.208076 0.175219 0.175166 0.160663 0.147693 0.181698 1
0.240329 0.166552 0.226454 0.223872 0.175219 0.173914 0.172202 0.197843 0.197655 0.201439 1
0.258905 0.199741 0.21046 0.189599 0.172209 0.178458 0.142766 0.181757 0.181698 0.188613 1
0.254463 0.2261 0.153157 0.199398 0.174894 0.178005 0.175219 0.178457 0.147595 0.168206 1
0.263325 0.244941 0.16643 0.183006 0.181271 0.145259 0.178457 0.147447 0.165327 0.184875 1
0.289136 0.266364 0.177989 0.177989 0.145212 0.134895 0.150515 0.210914 0.19174 0.211157 1
0.263962 0.249815 0.148095 0.210397 0.175331 0.148095 0.150889 0.150428 0.168891 0.188613 1
0.263963 0.264059 0.166607 0.215413 0.196109 0.160661 0.163364 0.153211 0.16975 0.207547 1
0.207002 0.152653 0.214215 0.196109 0.196109 0.192864 0.175384 0.163581 0.163581 0.168889 1
0.226336 0.226336 0.16975 0.199667 0.160502 0.181515 0.181757 0.166607 0.185058 0.226415 1
0.288248 0.245197 0.148095 0.227999 0.211912 0.18028 0.165327 0.150325 0.186891 0.205169 1
0.263783 0.148099 0.288908 0.304652 0.28797 0.205903 0.196122 0.184941 0.226336 0.266461 1
0.301466 0.249549 0.192864 0.206774 0.25537 0.23956 0.224005 0.183381 0.223681 0.227659 1
0.264662 0.169575 0.237499 0.22793 0.19807 0.183313 0.163528 0.188545 0.188348 0.227659 1
0.270198 0.152997 0.22793 0.231995 0.245537 0.211912 0.183497 0.185058 0.148047 0.188613 1
0.29579 0.240329 0.214149 0.224071 0.259692 0.272162 0.276853 0.191025 0.178515 0.163583 1
0.28292 0.265303 0.153157 0.249841 0.214149 0.178515 0.16661 0.188416 0.229135 0.252865 1
0.282522 0.190282 0.230699 0.225296 0.211912 0.214217 0.199868 0.207475 0.194068 0.213285 1
0.30832 0.212737 0.246914 0.243685 0.258467 0.245463 0.210463 0.181759 0.184932 0.264059 1
0.270099 0.169691 0.219541 0.214217 0.214149 0.178515 0.168443 0.226254 0.207475 0.209036 1
0.188613 0.169752 0.232069 0.245537 0.245463 0.22793 0.181698 0.150325 0.190481 0.190481 1
0.263687 0.263783 0.150891 0.232069 0.229381 0.215692 0.183497 0.190481 0.227659 0.226336 1
0.266461 0.17162 0.228961 0.229235 0.210397 0.210397 0.185058 0.185122 0.185122 0.226336 1
0.353112 0.301692 0.261756 0.408664 0.377671 0.311931 0.251621 0.211936 0.261608 0.292335 1
0.334555 0.274316 0.217094 0.23796 0.287522 0.263726 0.193298 0.246168 0.25 0.299813 1
0.303759 0.177855 0.292335 0.285391 0.278922 0.219251 0.219251 0.224719 0.326369 0.326369 1
0.357782 0.307288 0.24018 0.280691 0.297182 0.211936 0.22225 0.246025 0.299625 0.332896 1
0.340438 0.348877 0.221261 0.364961 0.270078 0.184426 0.214236 0.224793 0.26999 0.318428 1
0.342166 0.269428 0.261166 0.310356 0.288604 0.26837 0.211493 0.219379 0.243754 0.292335 1
0.377157 0.30113 0.295829 0.343055 0.298182 0.206689 0.211488 0.224793 0.248437 0.293816 1
0.366268 0.312186 0.31396 0.267837 0.273902 0.234607 0.219379 0.219379 0.243613 0.294351 1
0.376307 0.273635 0.282614 0.342527 0.276204 0.25976 0.231535 0.242666 0.296539 0.365635 1
0.376456 0.253686 0.320586 0.340918 0.274325 0.231535 0.20444 0.246025 0.294351 0.301692 1
0.383338 0.3571 0.216032 0.356073 0.246041 0.232307 0.214164 0.237826 0.285391 0.316696 1
0.375605 0.30057 0.246025 0.318484 0.341118 0.311462 0.246041 0.227038 0.221792 0.269895 1
0.382607 0.232307 0.209187 0.23796 0.284908 0.32399 0.359598 0.359598 0.357782 0.357782 1
0.350031 0.32399 0.239775 0.365524 0.341444 0.341444 0.319467 0.236907 0.237033 0.240317 1
0.343894 0.224254 0.291159 0.333402 0.340918 0.296114 0.231535 0.211936 0.286873 0.350683 1
0.350683 0.214043 0.310338 0.328013 0.240181 0.216521 0.240317 0.261756 0.274656 0.299625 1
0.299067 0.216604 0.351003 0.320092 0.313035 0.298182 0.229405 0.212165 0.18881 0.249688 1
0.342166 0.245578 0.317364 0.349215 0.313035 0.266404 0.227038 0.219251 0.267487 0.291804 1
0.350683 0.30113 0.213681 0.349215 0.349215 0.246041 0.214043 0.237826 0.291804 0.316121 1
0.351338 0.334341 0.242536 0.365524 0.365524 0.342527 0.276204 0.236907 0.193188 0.261608 1
0.364786 0.316696 0.261608 0.356073 0.355537 0.349215 0.305173 0.234607 0.234607 0.237826 1
0.299067 0.209076 0.279786 0.279786 0.280248 0.234607 0.234607 0.234607 0.249688 0.299626 1
0.318133 0.194536 0.318484 0.326209 0.327749 0.306282 0.272587 0.232307 0.214043 0.261608 1
0.317299 0.242749 0.317854 0.355537 0.311462 0.249871 0.255538 0.23796 0.243902 0.291829 1
0.246025 0.193407 0.232435 0.266667 0.244444 0.22211 0.2 0.162701 0.186047 0.268129 1
0.2 0.195122 0.190476 0.195122 0.166565 0.231774 0.187414 0.136293 0.139458 0.193407 1
0.243754 0.170633 0.227273 0.229523 0.2022 0.184616 0.162695 0.185948 0.190476 0.238095 1
0.275 0.225 0.209302 0.232435 0.209486 0.181818 0.159009 0.190476 0.219512 0.219512 1
0.190476 0.190476 0.238095 0.229523 0.231774 0.231774 0.184616 0.142776 0.2 0.225 1
0.219512 0.190476 0.186047 0.181818 0.181818 0.184616 0.190476 0.166667 0.190476 0.190476 1
0.198125 0.190476 0.232558 0.232558 0.232558 0.166667 0.190368 0.195003 0.195003 0.219379 1
0.202951 0.209302 0.23243 0.23243 0.227155 0.227155 0.186047 0.193298 0.19975 0.227192 1
0.225 0.2 0.234861 0.237033 0.237164 0.188805 0.181724 0.190368 0.190476 0.25 1
0.199875 0.197889 0.234861 0.185948 0.190368 0.142776 0.190476 0.190261 0.190261 0.190368 1
0.190476 0.166572 0.190368 0.209302 0.181724 0.18881 0.193298 0.190368 0.23796 0.243613 1
0.198004 0.221792 0.232307 0.272587 0.249871 0.249742 0.209076 0.142695 0.198004 0.174583 1
0.22486 0.202824 0.216521 0.227038 0.227038 0.209192 0.209192 0.193298 0.197644 0.202951 1
0.190368 0.195003 0.227273 0.227155 0.209187 0.214164 0.142695 0.16629 0.166572 0.170633 1
0.249688 0.202824 0.214164 0.214164 0.214164 0.217094 0.193298 0.173634 0.202824 0.202824 1
0.202824 0.199875 0.214043 0.214043 0.23796 0.229286 0.204334 0.185845 0.166572 0.218979 1
0.227793 0.177855 0.214043 0.237826 0.209076 0.211376 0.193188 0.174588 0.19801 0.227334 1
0.195003 0.170628 0.255538 0.227038 0.229405 0.227155 0.190368 0.166478 0.166572 0.166572 1
0.224301 0.174456 0.193298 0.234737 0.232307 0.232307 0.20444 0.206917 0.188805 0.197644 1
0.170628 0.178945 0.166572 0.214043 0.209076 0.166477 0.169338 0.150499 0.174588 0.202824 1
0.19975 0.19975 0.190368 0.229405 0.229523 0.229523 0.185944 0.190368 0.166478 0.19975 1
0.202824 0.19975 0.197666 0.216398 0.211376 0.184426 0.193188 0.149935 0.177635 0.153961 1
0.194536 0.194648 0.237826 0.209076 0.184426 0.209076 0.185948 0.170337 0.142776 0.195003 1
0.195003 0.19975 0.173528 0.170529 0.194536 0.170529 0.146168 0.202951 0.195003 0.199869 1
0.298306 0.240024 0.252213 0.233263 0.164595 0.212 0.261681 0.261681 0.240024 0.261681 1
0.332571 0.257908 0.250391 0.252492 0.225559 0.25118 0.298306 0.283085 0.283085 0.281546 1
0.309889 0.265338 0.238077 0.266364 0.174659 0.168865 0.171425 0.242168 0.304743 0.303204 1
0.318484 0.296571 0.21688 0.265015 0.263677 0.193854 0.209941 0.228671 0.254736 0.254736 1
0.288169 0.288169 0.288169 0.191712 0.251128 0.268734 0.23009 0.242826 0.249136 0.275599 1
0.287754 0.261679 0.221213 0.237809 0.164897 0.192899 0.256154 0.254399 0.283339 0.289327 1
0.269283 0.269283 0.158536 0.158536 0.179804 0.225733 0.242168 0.242168 0.284878 0.284878 1
0.291036 0.169435 0.249264 0.249539 0.172949 0.166522 0.176174 0.221668 0.288169 0.296114 1
0.306282 0.174819 0.241498 0.231676 0.137149 0.166306 0.219027 0.238568 0.260256 0.283085 1
0.283738 0.24251 0.231676 0.231676 0.212814 0.159673 0.175061 0.199727 0.220863 0.220863 1
0.298306 0.261681 0.231933 0.23009 0.210915 0.145707 0.170059 0.224201 0.223878 0.266019 1
0.292135 0.306282 0.185568 0.270398 0.191741 0.148891 0.172209 0.240376 0.259889 0.259889 1
0.263846 0.261681 0.240886 0.236191 0.182098 0.195767 0.238231 0.281546 0.303204 0.305173 1
0.281546 0.195192 0.189654 0.209941 0.185795 0.216961 0.182098 0.185795 0.235623 0.25475 1
0.220863 0.238231 0.231933 0.270099 0.193854 0.185795 0.207883 0.228671 0.254736 0.283485 1
0.279229 0.195767 0.205669 0.187095 0.189654 0.23073 0.262051 0.262051 0.283485 0.283485 1
0.32667 0.250855 0.25743 0.23378 0.178066 0.193421 0.216783 0.23738 0.24251 0.256507 1
0.298306 0.193154 0.169084 0.171647 0.193854 0.191953 0.163129 0.183297 0.216484 0.237367 1
0.311462 0.179856 0.197645 0.163129 0.191316 0.214678 0.258264 0.257908 0.27886 0.27886 1
0.298306 0.211999 0.195755 0.137482 0.164595 0.195778 0.238568 0.281546 0.296799 0.303202 1
0.355537 0.304743 0.175061 0.165438 0.168865 0.192899 0.245316 0.267451 0.269689 0.28528 1
0.320825 0.311462 0.175925 0.16293 0.163129 0.166522 0.190799 0.218717 0.261679 0.261679 1
0.27886 0.267451 0.16815 0.199583 0.178546 0.13082 0.151824 0.194915 0.259887 0.261679 1
0.319505 0.304743 0.159681 0.159154 0.139944 0.124946 0.173514 0.199514 0.221683 0.221683 1
0.311462 0.133458 0.126441 0.131647 0.152049 0.221349 0.265619 0.265619 0.267451 0.287754 1
0.284878 0.214638 0.102589 0.176422 0.180335 0.224201 0.223878 0.267854 0.288188 0.288188 1
0.311462 0.263846 0.148699 0.145518 0.148077 0.17505 0.220863 0.220863 0.242168 0.263474 1
0.277354 0.267451 0.131054 0.156566 0.104121 0.176184 0.223541 0.223541 0.245316 0.267451 1
0.266019 0.223541 0.16293 0.125503 0.12811 0.180075 0.221349 0.216573 0.240374 0.240374 1
0.287754 0.175925 0.195928 0.136995 0.199514 0.247881 0.275122 0.27468 0.27468 0.296994 1
0.267854 0.221683 0.159872 0.201658 0.142564 0.177346 0.221683 0.221683 0.221683 0.267854 1
0.283085 0.171425 0.236468 0.197868 0.119904 0.180075 0.223541 0.223541 0.243484 0.243484 1
0.333902 0.215489 0.216965 0.286461 0.309806 0.310812 0.328844 0.327839 0.333902 0.332877 1
0.333333 0.260219 0.217889 0.260219 0.295891 0.295891 0.309821 0.309322 0.333333 0.333333 1
0.321498 0.327326 0.260219 0.260219 0.297042 0.315535 0.333902 0.333902 0.333333 0.333333 1
0.303814 0.214013 0.215489 0.231848 0.268201 0.273491 0.278549 0.278238 0.297042 0.297042 1
0.286461 0.254204 0.217889 0.219392 0.290518 0.290518 0.290518 0.309581 0.3153 0.315408 1
0.290518 0.199731 0.220082 0.206346 0.231848 0.255506 0.277398 0.277398 0.277398 0.277398 1
0.291663 0.268784 0.180053 0.180053 0.219328 0.25542 0.25542 0.278712 0.279863 0.278712 1
0.255494 0.197945 0.211713 0.201244 0.223449 0.241859 0.258464 0.258464 0.258464 0.258464 1
0.291565 0.26013 0.184617 0.184932 0.221918 0.258464 0.258464 0.278143 0.278143 0.296435 1
0.326287 0.237337 0.195926 0.181876 0.216965 0.250949 0.260219 0.278549 0.283797 0.283797 1
0.285917 0.219328 0.23748 0.23992 0.258376 0.276831 0.276926 0.278238 0.278238 0.278238 1
0.255094 0.273223 0.242317 0.230109 0.208015 0.25087 0.25087 0.291565 0.291565 0.291663 1
0.291565 0.273132 0.183319 0.225297 0.262671 0.173863 0.201471 0.23748 0.23748 0.23748 1
0.255094 0.241314 0.221229 0.290462 0.2011 0.197342 0.215148 0.219048 0.259776 0.258464 1
0.284808 0.199667 0.258465 0.217504 0.210206 0.23597 0.258816 0.276926 0.276926 0.278238 1
0.267008 0.192383 0.285865 0.226717 0.173914 0.178287 0.217525 0.235652 0.235652 0.258464 1
0.268201 0.21508 0.233934 0.189374 0.231407 0.253697 0.274234 0.279292 0.278143 0.300943 1
0.268273 0.18011 0.217249 0.203095 0.213945 0.236046 0.235576 0.258464 0.258464 0.276926 1
0.285917 0.237098 0.207708 0.289939 0.290462 0.290462 0.181853 0.192683 0.218975 0.236886 1
0.280943 0.237075 0.230048 0.317444 0.312518 0.28143 0.28143 0.210738 0.190797 0.197279 1
0.268201 0.195579 0.273991 0.290572 0.285392 0.285865 0.254309 0.169246 0.1924 0.235576 1
0.278075 0.296941 0.178005 0.187571 0.192689 0.213945 0.215421 0.273573 0.291565 0.291565 1
0.268273 0.212786 0.23387 0.208015 0.215421 0.231774 0.255411 0.254985 0.254985 0.258464 1
0.289967 0.219328 0.306076 0.317747 0.301238 0.254372 0.204199 0.21508 0.255009 0.291565 1
0.273132 0.213606 0.279876 0.258465 0.258465 0.217443 0.189094 0.215148 0.258464 0.258376 1
0.250552 0.23288 0.211649 0.176901 0.218975 0.236886 0.255094 0.255094 0.259776 0.255094 1
0.291554 0.259687 0.258465 0.253921 0.253921 0.199723 0.21508 0.250552 0.259776 0.259776 1
0.278075 0.259776 0.186382 0.174278 0.157062 0.179768 0.222992 0.259776 0.259776 0.258464 1
0.284899 0.23288 0.246462 0.274556 0.216068 0.211338 0.215148 0.259776 0.259776 0.259776 1
0.287025 0.194115 0.274485 0.301276 0.286234 0.166193 0.177836 0.213606 0.258464 0.259776 1
0.296537 0.259687 0.245996 0.338025 0.31981 0.187574 0.176626 0.218975 0.241232 0.241314 1
0.245601 0.224898 0.237869 0.21132 0.21508 0.236886 0.255009 0.255009 0.255094 0.255094 1
0.250472 0.216068 0.232753 0.187574 0.213606 0.231407 0.267008 0.271818 0.276831 0.258464 1
0.439156 0.291162 0.0398412 0.0624729 0.260746 0.353401 0.39968 0.400358 0.400198 0.440555 1
0.448197 0.407446 0.25064 0.168647 0.122198 0.265981 0.414666 0.446886 0.398463 0.439156 1
0.438121 0.384655 0.0671568 0.0860986 0.166594 0.320184 0.335636 0.38694 0.439503 0.42961 1
0.439256 0.379636 0.0708537 0.0671568 0.107315 0.320515 0.424536 0.427626 0.450542 0.447806 1
0.420068 0.187419 0.0500795 0.0501874 0.124784 0.285598 0.374351 0.399203 0.420068 0.439123 1
0.439331 0.448015 0.408641 0.354086 0.151451 0.0597855 0.0797141 0.187337 0.353554 0.427671 1
0.458455 0.415907 0.10614 0.0814611 0.0861221 0.142625 0.235278 0.370071 0.416087 0.407281 1
0.236284 0.15765 0.15765 0.0770167 0.0897978 0.139516 0.192864 0.211848 0.214149 0.210397 1
0.210397 0.151972 0.132855 0.135086 0.169 0.192683 0.192497 0.189368 0.189368 0.209626 1
0.191249 0.234193 0.201093 0.132814 0.130679 0.169063 0.201149 0.22002 0.241021 0.242245 1
0.250838 0.269551 0.260301 0.247499 0.120121 0.137063 0.120121 0.172206 0.189094 0.189094 1
0.199352 0.13734 0.103688 0.136681 0.156578 0.176272 0.228829 0.263606 0.263689 0.263606 1
0.223872 0.154193 0.134829 0.101122 0.139229 0.154576 0.157418 0.160459 0.154942 0.175172 1
0.19275 0.139487 0.102839 0.137401 0.139639 0.178287 0.19275 0.172158 0.174909 0.194132 1
0.245391 0.204837 0.111746 0.111746 0.113804 0.168371 0.20846 0.22452 0.222992 0.249082 1
0.389468 0.373109 0.193496 0.196668 0.279404 0.306786 0.300578 0.340276 0.339432 0.338588 1
0.390171 0.373109 0.209621 0.196668 0.25793 0.323723 0.338588 0.355517 0.361624 0.361624 1
0.407693 0.198852 0.202221 0.137119 0.285645 0.327415 0.363583 0.363583 0.363583 0.362976 1
0.411305 0.342754 0.0685673 0.0710678 0.212934 0.342754 0.395336 0.383352 0.378576 0.37703 1
0.384664 0.177587 0.133186 0.141046 0.266371 0.344828 0.392357 0.416647 0.416647 0.413793 1
0.333333 0.357143 0.214013 0.145725 0.137604 0.285351 0.348242 0.407407 0.392857 0.37931 1
0.358403 0.283911 0.102851 0.102851 0.171418 0.301631 0.394807 0.354889 0.428804 0.393892 1
0.324692 0.286873 0.111698 0.088446 0.139121 0.272784 0.327157 0.362626 0.348247 0.373016 1
0.395961 0.371897 0.0991808 0.114486 0.222003 0.340733 0.378089 0.400424 0.433094 0.431963 1
0.471418 0.424761 0.147693 0.109091 0.186891 0.357474 0.404912 0.435968 0.399769 0.39846 1
0.441968 0.441312 0.394341 0.144582 0.145212 0.315913 0.413563 0.443413 0.443413 0.425071 1
0.442196 0.308172 0.132374 0.147502 0.338561 0.402204 0.431407 0.431721 0.442196 0.442196 1
0.433038 0.405966 0.157798 0.12262 0.147502 0.309099 0.33948 0.394744 0.405966 0.442726 1
0.442798 0.406728 0.116921 0.126937 0.263325 0.375272 0.394036 0.389454 0.395841 0.41465 1
0.41465 0.399526 0.165765 0.108909 0.278617 0.388659 0.41465 0.41465 0.407877 0.41465 1
0.422182 0.370197 0.118993 0.153568 0.358308 0.432258 0.459466 0.450352 0.482228 0.461 1
0.406463 0.258126 0.148047 0.183319 0.339698 0.388025 0.413302 0.388025 0.424311 0.423862 1
0.442257 0.217475 0.10895 0.110921 0.352834 0.414352 0.424381 0.442257 0.435043 0.442196 1
0.308749 0.278615 0.207631 0.157623 0.211162 0.204484 0.290573 0.316792 0.294885 0.332721 1
0.323912 0.224665 0.218797 0.215353 0.270732 0.278181 0.315785 0.307564 0.307564 0.305561 1
0.25832 0.178924 0.145887 0.142212 0.18911 0.213912 0.239792 0.256361 0.242744 0.284929 1
0.240376 0.23738 0.162579 0.166378 0.170059 0.173831 0.173831 0.217289 0.238905 0.217289 1
0.375341 0.382104 0.145581 0.101832 0.224029 0.325999 0.374351 0.334051 0.374837 0.38381 1
0.395278 0.361423 0.101832 0.103044 0.101956 0.20375 0.311981 0.305624 0.340989 0.325473 1
0.397166 0.374351 0.119809 0.09996 0.119904 0.230791 0.292893 0.381599 0.339667 0.340118 1
0.38246 0.375503 0.122257 0.119766 0.12225 0.228786 0.292011 0.314104 0.362239 0.341146 1
0.349121 0.221878 0.222852 0.219408 0.245385 0.249908 0.322777 0.315898 0.292205 0.327745 1
0.40056 0.301887 0.16661 0.166552 0.246534 0.264151 0.302952 0.320755 0.339623 0.339623 1
0.452175 0.414494 0.186891 0.145071 0.22338 0.351912 0.358412 0.388896 0.416295 0.431126 1
0.437784 0.333219 0.159384 0.179597 0.285645 0.381449 0.418363 0.444465 0.424807 0.442647 1
0.473826 0.395656 0.150678 0.171378 0.288975 0.321222 0.376681 0.389985 0.426225 0.443697 1
0.443849 0.26013 0.147595 0.181522 0.278331 0.389985 0.394803 0.414025 0.417745 0.371581 1
0.438048 0.45557 0.454654 0.44646 0.436075 0.453348 0.46379 0.453804 0.465065 0.454485 1
0.444454 0.388357 0.163205 0.165604 0.302202 0.396594 0.423803 0.443898 0.45208 0.470658 1
0.304182 0.239461 0.214598 0.157366 0.199516 0.240526 0.264402 0.280071 0.315139 0.316949 1
0.330222 0.285339 0.133511 0.160399 0.157366 0.119864 0.237292 0.242008 0.23847 0.256569 1
0.378061 0.356126 0.347325 0.305637 0.225011 0.232519 0.26816 0.266685 0.289149 0.307693 1
0.308861 0.268761 0.20199 0.18339 0.11243 0.212927 0.256569 0.25583 0.285163 0.30645 1
0.34234 0.257809 0.125953 0.0347987 0.162371 0.243141 0.257319 0.300585 0.271318 0.296243 1
0.360825 0.346947 0.0864905 0.0560387 0.155552 0.259907 0.294262 0.298626 0.298626 0.268781 1
0.213993 0.195325 0.184717 0.196388 0.194169 0.182653 0.202871 0.218271 0.241475 0.218333 1
0.280132 0.26183 0.172711 0.201455 0.169189 0.184667 0.191039 0.188283 0.225155 0.225155 1
0.193922 0.189893 0.200352 0.169564 0.151978 0.174993 0.211347 0.227926 0.218882 0.254445 1
0.179066 0.176523 0.192614 0.229514 0.210816 0.150645 0.1575 0.193913 0.211281 0.213526 1
0.332122 0.185522 0.199586 0.184794 0.174142 0.166314 0.184371 0.204689 0.201399 0.204389 1
0.241448 0.201366 0.159219 0.174423 0.164623 0.128976 0.182715 0.182715 0.195258 0.191341 1
0.409734 0.146393 0.0933413 0.130649 0.212813 0.349892 0.327773 0.349892 0.409734 0.416561 1
0.401854 0.0808868 0.0379538 0.115579 0.232413 0.298717 0.31144 0.322193 0.338982 0.343338 1
0.370353 0.0785807 0.0676371 0.213477 0.273807 0.311398 0.361105 0.344832 0.377196 0.394602 1
0.443849 0.333333 0.140006 0.142294 0.21932 0.334908 0.377072 0.406158 0.426929 0.415203 1
0.406856 0.216347 0.179597 0.30991 0.357464 0.399946 0.418363 0.417958 0.418363 0.425643 1
0.436533 0.175166 0.157507 0.269551 0.356559 0.40031 0.418363 0.437146 0.40098 0.437162 1
0.392853 0.144983 0.144687 0.186699 0.352636 0.388889 0.39774 0.388622 0.407268 0.407128 1
0.429373 0.428632 0.183497 0.178458 0.183559 0.277303 0.351731 0.378712 0.364054 0.371167 1
0.455387 0.40685 0.184932 0.150325 0.277587 0.358911 0.406995 0.433334 0.425387 0.443849 1
0.42789 0.344879 0.160612 0.147645 0.275062 0.352636 0.407549 0.415348 0.436533 0.444454 1
0.454485 0.364054 0.145212 0.149832 0.251109 0.363936 0.40031 0.41096 0.417958 0.443697 1
0.446286 0.389595 0.196303 0.218108 0.285623 0.327056 0.363514 0.418797 0.429041 0.417906 1
0.437592 0.256154 0.121934 0.0829745 0.131477 0.255206 0.340268 0.417525 0.39984 0.430332 1
0.47831 0.233934 0.10412 0.130871 0.203224 0.347449 0.368382 0.368382 0.408013 0.407824 1
0.48013 0.396129 0.101999 0.124946 0.0831892 0.197061 0.333907 0.415907 0.381287 0.387389 1
0.497436 0.203736 0.119904 0.0832611 0.169834 0.352794 0.374351 0.415907 0.457301 0.416942 1
0.499136 0.284139 0.119952 0.122397 0.31886 0.382104 0.396014 0.457692 0.449906 0.448036 1
0.363582 0.312582 0.216224 0.194814 0.202619 0.229367 0.320712 0.334972 0.359402 0.351572 1
0.326681 0.333077 0.243726 0.222238 0.259687 0.32595 0.349942 0.370029 0.370949 0.375506 1
0.326888 0.226716 0.161156 0.185379 0.264024 0.296981 0.345943 0.347005 0.339013 0.351573 1
0.376681 0.388224 0.21936 0.21936 0.238711 0.339334 0.352255 0.365752 0.354361 0.405479 1
0.346593 0.313979 0.196108 0.196659 0.219295 0.299387 0.359402 0.379696 0.407822 0.400677 1
0.431373 0.380998 0.215026 0.215026 0.215026 0.319346 0.379848 0.380961 0.352808 0.392157 1
0.372409 0.345529 0.210529 0.189883 0.225626 0.333292 0.325882 0.340522 0.347656 0.385114 1
0.339381 0.225367 0.203981 0.197069 0.222386 0.26029 0.32641 0.303909 0.282216 0.333787 1
0.293572 0.278002 0.221251 0.220746 0.230963 0.344919 0.357991 0.418255 0.407564 0.407299 1
0.244693 0.285141 0.291413 0.246055 0.219097 0.219181 0.306872 0.332593 0.34619 0.386918 1
0.424918 0.402204 0.381923 0.399946 0.302445 0.233629 0.233437 0.32822 0.382924 0.400605 1
0.370681 0.368373 0.252914 0.287406 0.296104 0.392909 0.403384 0.363044 0.369801 0.380911 1
0.416343 0.272476 0.280587 0.280693 0.325689 0.403431 0.369909 0.370517 0.403384 0.403384 1
0.379981 0.296104 0.251712 0.250292 0.296104 0.34688 0.359342 0.428729 0.40543 0.40543 1
0.389857 0.302211 0.288373 0.271458 0.301941 0.359368 0.365824 0.390093 0.390093 0.380677 1
0.395402 0.272638 0.251077 0.274343 0.273959 0.324612 0.338192 0.372705 0.397945 0.372705 1
0.36354 0.331099 0.221828 0.216579 0.289793 0.318891 0.34821 0.325296 0.349468 0.339977 1
0.418686 0.24517 0.24517 0.318309 0.31826 0.349272 0.384747 0.341492 0.364933 0.342965 1
0.415774 0.325581 0.287685 0.372093 0.4 0.358974 0.421053 0.47327 0.462588 0.462331 1
0.313956 0.222367 0.197955 0.233266 0.233614 0.305491 0.326202 0.33497 0.38652 0.38652 1
0.442023 0.394345 0.414993 0.234289 0.280687 0.342362 0.348668 0.348668 0.416622 0.415765 1
0.454958 0.341684 0.273147 0.281165 0.23782 0.270377 0.33583 0.425633 0.428758 0.427987 1
0.440963 0.310734 0.255266 0.318891 0.391555 0.401044 0.400393 0.449026 0.450407 0.400687 1
0.428758 0.262709 0.291256 0.278026 0.357682 0.367144 0.35842 0.415484 0.39129 0.438097 1
0.364672 0.249634 0.232496 0.22789 0.281687 0.348963 0.395402 0.395629 0.372462 0.364711 1
0.370472 0.236613 0.224798 0.283091 0.318452 0.388955 0.404696 0.438458 0.395157 0.418342 1
0.314655 0.219822 0.199838 0.239914 0.219822 0.307251 0.339739 0.347426 0.373342 0.374259 1
0.432505 0.311404 0.250856 0.320646 0.292119 0.349193 0.361972 0.382972 0.398728 0.409914 1
0.411439 0.269048 0.245664 0.273481 0.304723 0.304723 0.362115 0.368821 0.398973 0.392697 1
0.384983 0.286989 0.224442 0.246369 0.240847 0.324729 0.335106 0.362746 0.327337 0.380518 1
0.48515 0.320829 0.316896 0.335654 0.420871 0.407253 0.45519 0.418358 0.428175 0.430073 1
0.364761 0.335245 0.261239 0.233811 0.291882 0.320163 0.334223 0.378673 0.378673 0.409362 1
0.38335 0.300264 0.259872 0.356123 0.285321 0.284135 0.298755 0.298755 0.335527 0.335514 1
0.396031 0.309361 0.340349 0.369352 0.294743 0.355326 0.363353 0.377515 0.377447 0.378673 1
0.413937 0.233979 0.236708 0.24715 0.30966 0.361461 0.406304 0.449713 0.427051 0.438838 1
0.452607 0.371331 0.226369 0.247085 0.335986 0.343796 0.367186 0.429197 0.437107 0.421529 1
0.415564 0.283511 0.283511 0.303746 0.325704 0.356114 0.34847 0.372712 0.369933 0.392029 1
0.434904 0.411978 0.208754 0.213077 0.320401 0.379383 0.385269 0.409886 0.400862 0.399617 1
0.339327 0.287822 0.267246 0.269095 0.342975 0.389128 0.427221 0.424095 0.392759 0.423983 1
0.42509 0.341032 0.25401 0.285187 0.277851 0.335803 0.348663 0.403406 0.404465 0.425697 1
0.4163 0.234797 0.254364 0.23948 0.279773 0.326531 0.33463 0.386864 0.38802 0.38802 1
0.361922 0.219822 0.203591 0.285474 0.326253 0.383806 0.388558 0.420117 0.399159 0.398718 1
0.434365 0.235212 0.2547 0.249123 0.313521 0.340286 0.346939 0.355178 0.395833 0.407974 1
0.413719 0.297285 0.292239 0.270797 0.290649 0.317949 0.350548 0.37386 0.372908 0.392875 1
0.379562 0.261282 0.241311 0.254131 0.276979 0.289843 0.294065 0.299917 0.379317 0.379234 1
0.449019 0.333969 0.244348 0.264061 0.325116 0.332675 0.353467 0.354761 0.396719 0.382828 1
0.477805 0.297849 0.286608 0.28688 0.34804 0.37467 0.395833 0.404051 0.478787 0.433661 1
0.478996 0.333832 0.238673 0.255462 0.278152 0.28427 0.347125 0.427163 0.428368 0.399257 1
0.466361 0.305862 0.265209 0.28561 0.29109 0.36197 0.390608 0.412123 0.411952 0.411044 1
0.416014 0.314534 0.26872 0.326703 0.368785 0.374846 0.368188 0.425876 0.40806 0.45719 1
0.403951 0.228066 0.24611 0.266866 0.291522 0.354619 0.374347 0.382187 0.408389 0.427742 1
0.353467 0.251508 0.265408 0.269029 0.314812 0.35922 0.359348 0.371786 0.379312 0.407488 1
0.367526 0.216013 0.1955 0.216543 0.224858 0.302117 0.317213 0.321645 0.327959 0.355973 1
0.348094 0.240741 0.26873 0.299742 0.32009 0.345624 0.359619 0.359619 0.344211 0.345157 1
0.373281 0.300763 0.215663 0.254995 0.248584 0.281244 0.304152 0.313428 0.353851 0.368369 1
0.439447 0.400405 0.215245 0.200595 0.235787 0.308273 0.328379 0.38802 0.346256 0.375825 1
0.353736 0.321847 0.136835 0.288975 0.352389 0.432474 0.405522 0.392981 0.412337 0.39968 1
0.279776 0.117601 0.244798 0.353356 0.39968 0.39968 0.374472 0.36525 0.380845 0.392003 1
0.364173 0.211226 0.155364 0.15361 0.294365 0.390115 0.428942 0.412028 0.410455 0.414456 1
0.334378 0.082738 0.10227 0.200939 0.319215 0.42682 0.392375 0.398053 0.393679 0.390699 1
0.391559 0.241555 0.101029 0.0814652 0.215602 0.332687 0.364695 0.37762 0.391396 0.384437 1
0.363549 0.310356 0.211376 0.211376 0.206583 0.245316 0.267451 0.301025 0.324181 0.313507 1
0.407623 0.317672 0.184141 0.184426 0.301025 0.318484 0.332765 0.326984 0.361704 0.35465 1
0.405154 0.212725 0.264293 0.295096 0.317672 0.377953 0.345931 0.385202 0.353806 0.34379 1
0.398658 0.326579 0.159005 0.173358 0.185246 0.291579 0.312255 0.332765 0.361174 0.360302 1
0.361898 0.172985 0.162358 0.185655 0.273251 0.327157 0.322167 0.316554 0.355222 0.361344 1
0.316554 0.184525 0.181728 0.251621 0.289586 0.339506 0.353276 0.371934 0.342527 0.377953 1
0.26866 0.16146 0.162348 0.239179 0.341143 0.329033 0.382511 0.347439 0.37153 0.361898 1
0.360423 0.240695 0.25475 0.275979 0.340292 0.32577 0.391147 0.425364 0.412877 0.434608 1
0.396453 0.343939 0.229523 0.253971 0.238994 0.28872 0.37168 0.441575 0.441575 0.408847 1
0.387446 0.282495 0.282447 0.28872 0.317992 0.364833 0.363254 0.386188 0.386188 0.408905 1
0.422903 0.272314 0.246375 0.246461 0.278108 0.290344 0.34903 0.364662 0.373367 0.373367 1
0.387446 0.343572 0.221563 0.21718 0.244193 0.288592 0.333191 0.35495 0.395165 0.417829 1
0.409091 0.408661 0.307271 0.253225 0.216779 0.248346 0.254131 0.276489 0.325382 0.373367 1
0.422042 0.213968 0.228607 0.266511 0.333139 0.382775 0.390929 0.422042 0.382828 0.413043 1
0.376208 0.144687 0.105005 0.241557 0.377144 0.40611 0.40611 0.399584 0.397623 0.425501 1
0.412522 0.376542 0.115857 0.131082 0.148713 0.268387 0.33311 0.351402 0.379377 0.388004 1
0.404187 0.141732 0.12191 0.151415 0.296075 0.398994 0.39905 0.398994 0.42563 0.416353 1
0.396305 0.213153 0.209961 0.236796 0.197467 0.204969 0.241033 0.324882 0.360663 0.397412 1
0.368886 0.180904 0.234276 0.294692 0.3041 0.317536 0.333231 0.337141 0.342118 0.341245 1
0.374749 0.21105 0.134279 0.146047 0.183751 0.222129 0.274231 0.347603 0.343046 0.379352 1
0.390118 0.16051 0.163424 0.38169 0.426036 0.425967 0.410453 0.4175 0.410061 0.436554 1
0.399482 0.124841 0.122654 0.218038 0.351731 0.389595 0.426112 0.435798 0.399736 0.399482 1
0.426182 0.345226 0.145016 0.165375 0.213945 0.338734 0.454501 0.447571 0.42844 0.453957 1
0.382596 0.147447 0.219615 0.33907 0.410934 0.418308 0.410803 0.412136 0.411326 0.419622 1
0.426182 0.254463 0.144871 0.254377 0.371708 0.444068 0.418308 0.443998 0.42789 0.453225 1
0.425785 0.162861 0.124801 0.15765 0.27393 0.328063 0.37488 0.392732 0.385727 0.428435 1
0.390183 0.166552 0.237499 0.251109 0.308691 0.382019 0.396385 0.4145 0.433232 0.4145 1
